c 75398 76312
p cnf 180 6950
1 0
2 0
3 0
4 0
-5 0
-6 0
-7 0
-8 0
-9 0
-10 0
-11 0
-12 0
-13 0
-14 0
-15 0
-16 0
-17 0
-18 0
-19 0
-20 0
-21 -22 0
-21 23 0
-21 -24 0
-21 25 0
-21 5 0
-21 4 0
-21 18 0
-26 -22 0
-26 27 0
-26 -28 0
-26 25 0
-26 5 0
-26 4 0
-26 19 0
-29 -22 0
-29 30 0
-29 -31 0
-29 25 0
-29 5 0
-29 4 0
-29 20 0
-32 -23 0
-32 22 0
-32 -25 0
-32 24 0
-32 1 0
-32 4 0
-32 4 0
-33 -23 0
-33 27 0
-33 -28 0
-33 24 0
-33 1 0
-33 4 0
-33 19 0
-34 -23 0
-34 30 0
-34 -31 0
-34 24 0
-34 1 0
-34 4 0
-34 20 0
-35 -27 0
-35 22 0
-35 -25 0
-35 28 0
-35 6 0
-35 4 0
-35 4 0
-36 -27 0
-36 23 0
-36 -24 0
-36 28 0
-36 6 0
-36 4 0
-36 18 0
-37 -27 0
-37 30 0
-37 -31 0
-37 28 0
-37 6 0
-37 4 0
-37 20 0
-38 -30 0
-38 22 0
-38 -25 0
-38 31 0
-38 7 0
-38 4 0
-38 4 0
-39 -30 0
-39 23 0
-39 -24 0
-39 31 0
-39 7 0
-39 4 0
-39 18 0
-40 -30 0
-40 27 0
-40 -28 0
-40 31 0
-40 7 0
-40 4 0
-40 19 0
-41 -42 0
-41 43 0
-41 -24 0
-41 25 0
-41 8 0
-41 18 0
-41 18 0
-44 -42 0
-44 45 0
-44 -28 0
-44 25 0
-44 8 0
-44 18 0
-44 19 0
-46 -42 0
-46 47 0
-46 -31 0
-46 25 0
-46 8 0
-46 18 0
-46 20 0
-48 -43 0
-48 42 0
-48 -25 0
-48 24 0
-48 9 0
-48 18 0
-48 4 0
-49 -43 0
-49 45 0
-49 -28 0
-49 24 0
-49 9 0
-49 18 0
-49 19 0
-50 -43 0
-50 47 0
-50 -31 0
-50 24 0
-50 9 0
-50 18 0
-50 20 0
-51 -45 0
-51 42 0
-51 -25 0
-51 28 0
-51 2 0
-51 18 0
-51 4 0
-52 -45 0
-52 43 0
-52 -24 0
-52 28 0
-52 2 0
-52 18 0
-52 18 0
-53 -45 0
-53 47 0
-53 -31 0
-53 28 0
-53 2 0
-53 18 0
-53 20 0
-54 -47 0
-54 42 0
-54 -25 0
-54 31 0
-54 10 0
-54 18 0
-54 4 0
-55 -47 0
-55 43 0
-55 -24 0
-55 31 0
-55 10 0
-55 18 0
-55 18 0
-56 -47 0
-56 45 0
-56 -28 0
-56 31 0
-56 10 0
-56 18 0
-56 19 0
-57 -58 0
-57 59 0
-57 -24 0
-57 25 0
-57 11 0
-57 19 0
-57 18 0
-60 -58 0
-60 61 0
-60 -28 0
-60 25 0
-60 11 0
-60 19 0
-60 19 0
-62 -58 0
-62 63 0
-62 -31 0
-62 25 0
-62 11 0
-62 19 0
-62 20 0
-64 -59 0
-64 58 0
-64 -25 0
-64 24 0
-64 12 0
-64 19 0
-64 4 0
-65 -59 0
-65 61 0
-65 -28 0
-65 24 0
-65 12 0
-65 19 0
-65 19 0
-66 -59 0
-66 63 0
-66 -31 0
-66 24 0
-66 12 0
-66 19 0
-66 20 0
-67 -61 0
-67 58 0
-67 -25 0
-67 28 0
-67 13 0
-67 19 0
-67 4 0
-68 -61 0
-68 59 0
-68 -24 0
-68 28 0
-68 13 0
-68 19 0
-68 18 0
-69 -61 0
-69 63 0
-69 -31 0
-69 28 0
-69 13 0
-69 19 0
-69 20 0
-70 -63 0
-70 58 0
-70 -25 0
-70 31 0
-70 3 0
-70 19 0
-70 4 0
-71 -63 0
-71 59 0
-71 -24 0
-71 31 0
-71 3 0
-71 19 0
-71 18 0
-72 -63 0
-72 61 0
-72 -28 0
-72 31 0
-72 3 0
-72 19 0
-72 19 0
-73 -74 0
-73 75 0
-73 -24 0
-73 25 0
-73 14 0
-73 20 0
-73 18 0
-76 -74 0
-76 77 0
-76 -28 0
-76 25 0
-76 14 0
-76 20 0
-76 19 0
-78 -74 0
-78 79 0
-78 -31 0
-78 25 0
-78 14 0
-78 20 0
-78 20 0
-80 -75 0
-80 74 0
-80 -25 0
-80 24 0
-80 15 0
-80 20 0
-80 4 0
-81 -75 0
-81 77 0
-81 -28 0
-81 24 0
-81 15 0
-81 20 0
-81 19 0
-82 -75 0
-82 79 0
-82 -31 0
-82 24 0
-82 15 0
-82 20 0
-82 20 0
-83 -77 0
-83 74 0
-83 -25 0
-83 28 0
-83 16 0
-83 20 0
-83 4 0
-84 -77 0
-84 75 0
-84 -24 0
-84 28 0
-84 16 0
-84 20 0
-84 18 0
-85 -77 0
-85 79 0
-85 -31 0
-85 28 0
-85 16 0
-85 20 0
-85 20 0
-86 -79 0
-86 74 0
-86 -25 0
-86 31 0
-86 17 0
-86 20 0
-86 4 0
-87 -79 0
-87 75 0
-87 -24 0
-87 31 0
-87 17 0
-87 20 0
-87 18 0
-88 -79 0
-88 77 0
-88 -28 0
-88 31 0
-88 17 0
-88 20 0
-88 19 0
-89 -22 0
-89 30 0
-89 25 0
-89 5 0
-89 4 0
-90 -23 0
-90 30 0
-90 24 0
-90 1 0
-90 4 0
-91 -27 0
-91 30 0
-91 28 0
-91 6 0
-91 4 0
-92 -42 0
-92 47 0
-92 25 0
-92 8 0
-92 18 0
-93 -43 0
-93 47 0
-93 24 0
-93 9 0
-93 18 0
-94 -45 0
-94 47 0
-94 28 0
-94 2 0
-94 18 0
-95 -58 0
-95 63 0
-95 25 0
-95 11 0
-95 19 0
-96 -59 0
-96 63 0
-96 24 0
-96 12 0
-96 19 0
-97 -61 0
-97 63 0
-97 28 0
-97 13 0
-97 19 0
-98 -74 0
-98 79 0
-98 25 0
-98 14 0
-98 20 0
-99 -75 0
-99 79 0
-99 24 0
-99 15 0
-99 20 0
-100 -77 0
-100 79 0
-100 28 0
-100 16 0
-100 20 0
-21 6 -27 0
-21 -6 27 0
-21 7 -30 0
-21 -7 30 0
-21 8 -42 0
-21 -8 42 0
-21 9 -43 0
-21 -9 43 0
-21 2 -45 0
-21 -2 45 0
-21 10 -47 0
-21 -10 47 0
-21 11 -58 0
-21 -11 58 0
-21 12 -59 0
-21 -12 59 0
-21 13 -61 0
-21 -13 61 0
-21 3 -63 0
-21 -3 63 0
-21 14 -74 0
-21 -14 74 0
-21 15 -75 0
-21 -15 75 0
-21 16 -77 0
-21 -16 77 0
-21 17 -79 0
-21 -17 79 0
-21 19 -28 0
-21 -19 28 0
-21 20 -31 0
-21 -20 31 0
-26 1 -23 0
-26 -1 23 0
-26 7 -30 0
-26 -7 30 0
-26 8 -42 0
-26 -8 42 0
-26 9 -43 0
-26 -9 43 0
-26 2 -45 0
-26 -2 45 0
-26 10 -47 0
-26 -10 47 0
-26 11 -58 0
-26 -11 58 0
-26 12 -59 0
-26 -12 59 0
-26 13 -61 0
-26 -13 61 0
-26 3 -63 0
-26 -3 63 0
-26 14 -74 0
-26 -14 74 0
-26 15 -75 0
-26 -15 75 0
-26 16 -77 0
-26 -16 77 0
-26 17 -79 0
-26 -17 79 0
-26 18 -24 0
-26 -18 24 0
-26 20 -31 0
-26 -20 31 0
-29 1 -23 0
-29 -1 23 0
-29 6 -27 0
-29 -6 27 0
-29 8 -42 0
-29 -8 42 0
-29 9 -43 0
-29 -9 43 0
-29 2 -45 0
-29 -2 45 0
-29 10 -47 0
-29 -10 47 0
-29 11 -58 0
-29 -11 58 0
-29 12 -59 0
-29 -12 59 0
-29 13 -61 0
-29 -13 61 0
-29 3 -63 0
-29 -3 63 0
-29 14 -74 0
-29 -14 74 0
-29 15 -75 0
-29 -15 75 0
-29 16 -77 0
-29 -16 77 0
-29 17 -79 0
-29 -17 79 0
-29 18 -24 0
-29 -18 24 0
-29 19 -28 0
-29 -19 28 0
-32 6 -27 0
-32 -6 27 0
-32 7 -30 0
-32 -7 30 0
-32 8 -42 0
-32 -8 42 0
-32 9 -43 0
-32 -9 43 0
-32 2 -45 0
-32 -2 45 0
-32 10 -47 0
-32 -10 47 0
-32 11 -58 0
-32 -11 58 0
-32 12 -59 0
-32 -12 59 0
-32 13 -61 0
-32 -13 61 0
-32 3 -63 0
-32 -3 63 0
-32 14 -74 0
-32 -14 74 0
-32 15 -75 0
-32 -15 75 0
-32 16 -77 0
-32 -16 77 0
-32 17 -79 0
-32 -17 79 0
-32 19 -28 0
-32 -19 28 0
-32 20 -31 0
-32 -20 31 0
-33 5 -22 0
-33 -5 22 0
-33 7 -30 0
-33 -7 30 0
-33 8 -42 0
-33 -8 42 0
-33 9 -43 0
-33 -9 43 0
-33 2 -45 0
-33 -2 45 0
-33 10 -47 0
-33 -10 47 0
-33 11 -58 0
-33 -11 58 0
-33 12 -59 0
-33 -12 59 0
-33 13 -61 0
-33 -13 61 0
-33 3 -63 0
-33 -3 63 0
-33 14 -74 0
-33 -14 74 0
-33 15 -75 0
-33 -15 75 0
-33 16 -77 0
-33 -16 77 0
-33 17 -79 0
-33 -17 79 0
-33 4 -25 0
-33 -4 25 0
-33 20 -31 0
-33 -20 31 0
-34 5 -22 0
-34 -5 22 0
-34 6 -27 0
-34 -6 27 0
-34 8 -42 0
-34 -8 42 0
-34 9 -43 0
-34 -9 43 0
-34 2 -45 0
-34 -2 45 0
-34 10 -47 0
-34 -10 47 0
-34 11 -58 0
-34 -11 58 0
-34 12 -59 0
-34 -12 59 0
-34 13 -61 0
-34 -13 61 0
-34 3 -63 0
-34 -3 63 0
-34 14 -74 0
-34 -14 74 0
-34 15 -75 0
-34 -15 75 0
-34 16 -77 0
-34 -16 77 0
-34 17 -79 0
-34 -17 79 0
-34 4 -25 0
-34 -4 25 0
-34 19 -28 0
-34 -19 28 0
-35 1 -23 0
-35 -1 23 0
-35 7 -30 0
-35 -7 30 0
-35 8 -42 0
-35 -8 42 0
-35 9 -43 0
-35 -9 43 0
-35 2 -45 0
-35 -2 45 0
-35 10 -47 0
-35 -10 47 0
-35 11 -58 0
-35 -11 58 0
-35 12 -59 0
-35 -12 59 0
-35 13 -61 0
-35 -13 61 0
-35 3 -63 0
-35 -3 63 0
-35 14 -74 0
-35 -14 74 0
-35 15 -75 0
-35 -15 75 0
-35 16 -77 0
-35 -16 77 0
-35 17 -79 0
-35 -17 79 0
-35 18 -24 0
-35 -18 24 0
-35 20 -31 0
-35 -20 31 0
-36 5 -22 0
-36 -5 22 0
-36 7 -30 0
-36 -7 30 0
-36 8 -42 0
-36 -8 42 0
-36 9 -43 0
-36 -9 43 0
-36 2 -45 0
-36 -2 45 0
-36 10 -47 0
-36 -10 47 0
-36 11 -58 0
-36 -11 58 0
-36 12 -59 0
-36 -12 59 0
-36 13 -61 0
-36 -13 61 0
-36 3 -63 0
-36 -3 63 0
-36 14 -74 0
-36 -14 74 0
-36 15 -75 0
-36 -15 75 0
-36 16 -77 0
-36 -16 77 0
-36 17 -79 0
-36 -17 79 0
-36 4 -25 0
-36 -4 25 0
-36 20 -31 0
-36 -20 31 0
-37 5 -22 0
-37 -5 22 0
-37 1 -23 0
-37 -1 23 0
-37 8 -42 0
-37 -8 42 0
-37 9 -43 0
-37 -9 43 0
-37 2 -45 0
-37 -2 45 0
-37 10 -47 0
-37 -10 47 0
-37 11 -58 0
-37 -11 58 0
-37 12 -59 0
-37 -12 59 0
-37 13 -61 0
-37 -13 61 0
-37 3 -63 0
-37 -3 63 0
-37 14 -74 0
-37 -14 74 0
-37 15 -75 0
-37 -15 75 0
-37 16 -77 0
-37 -16 77 0
-37 17 -79 0
-37 -17 79 0
-37 4 -25 0
-37 -4 25 0
-37 18 -24 0
-37 -18 24 0
-38 1 -23 0
-38 -1 23 0
-38 6 -27 0
-38 -6 27 0
-38 8 -42 0
-38 -8 42 0
-38 9 -43 0
-38 -9 43 0
-38 2 -45 0
-38 -2 45 0
-38 10 -47 0
-38 -10 47 0
-38 11 -58 0
-38 -11 58 0
-38 12 -59 0
-38 -12 59 0
-38 13 -61 0
-38 -13 61 0
-38 3 -63 0
-38 -3 63 0
-38 14 -74 0
-38 -14 74 0
-38 15 -75 0
-38 -15 75 0
-38 16 -77 0
-38 -16 77 0
-38 17 -79 0
-38 -17 79 0
-38 18 -24 0
-38 -18 24 0
-38 19 -28 0
-38 -19 28 0
-39 5 -22 0
-39 -5 22 0
-39 6 -27 0
-39 -6 27 0
-39 8 -42 0
-39 -8 42 0
-39 9 -43 0
-39 -9 43 0
-39 2 -45 0
-39 -2 45 0
-39 10 -47 0
-39 -10 47 0
-39 11 -58 0
-39 -11 58 0
-39 12 -59 0
-39 -12 59 0
-39 13 -61 0
-39 -13 61 0
-39 3 -63 0
-39 -3 63 0
-39 14 -74 0
-39 -14 74 0
-39 15 -75 0
-39 -15 75 0
-39 16 -77 0
-39 -16 77 0
-39 17 -79 0
-39 -17 79 0
-39 4 -25 0
-39 -4 25 0
-39 19 -28 0
-39 -19 28 0
-40 5 -22 0
-40 -5 22 0
-40 1 -23 0
-40 -1 23 0
-40 8 -42 0
-40 -8 42 0
-40 9 -43 0
-40 -9 43 0
-40 2 -45 0
-40 -2 45 0
-40 10 -47 0
-40 -10 47 0
-40 11 -58 0
-40 -11 58 0
-40 12 -59 0
-40 -12 59 0
-40 13 -61 0
-40 -13 61 0
-40 3 -63 0
-40 -3 63 0
-40 14 -74 0
-40 -14 74 0
-40 15 -75 0
-40 -15 75 0
-40 16 -77 0
-40 -16 77 0
-40 17 -79 0
-40 -17 79 0
-40 4 -25 0
-40 -4 25 0
-40 18 -24 0
-40 -18 24 0
-41 5 -22 0
-41 -5 22 0
-41 1 -23 0
-41 -1 23 0
-41 6 -27 0
-41 -6 27 0
-41 7 -30 0
-41 -7 30 0
-41 2 -45 0
-41 -2 45 0
-41 10 -47 0
-41 -10 47 0
-41 11 -58 0
-41 -11 58 0
-41 12 -59 0
-41 -12 59 0
-41 13 -61 0
-41 -13 61 0
-41 3 -63 0
-41 -3 63 0
-41 14 -74 0
-41 -14 74 0
-41 15 -75 0
-41 -15 75 0
-41 16 -77 0
-41 -16 77 0
-41 17 -79 0
-41 -17 79 0
-41 19 -28 0
-41 -19 28 0
-41 20 -31 0
-41 -20 31 0
-44 5 -22 0
-44 -5 22 0
-44 1 -23 0
-44 -1 23 0
-44 6 -27 0
-44 -6 27 0
-44 7 -30 0
-44 -7 30 0
-44 9 -43 0
-44 -9 43 0
-44 10 -47 0
-44 -10 47 0
-44 11 -58 0
-44 -11 58 0
-44 12 -59 0
-44 -12 59 0
-44 13 -61 0
-44 -13 61 0
-44 3 -63 0
-44 -3 63 0
-44 14 -74 0
-44 -14 74 0
-44 15 -75 0
-44 -15 75 0
-44 16 -77 0
-44 -16 77 0
-44 17 -79 0
-44 -17 79 0
-44 18 -24 0
-44 -18 24 0
-44 20 -31 0
-44 -20 31 0
-46 5 -22 0
-46 -5 22 0
-46 1 -23 0
-46 -1 23 0
-46 6 -27 0
-46 -6 27 0
-46 7 -30 0
-46 -7 30 0
-46 9 -43 0
-46 -9 43 0
-46 2 -45 0
-46 -2 45 0
-46 11 -58 0
-46 -11 58 0
-46 12 -59 0
-46 -12 59 0
-46 13 -61 0
-46 -13 61 0
-46 3 -63 0
-46 -3 63 0
-46 14 -74 0
-46 -14 74 0
-46 15 -75 0
-46 -15 75 0
-46 16 -77 0
-46 -16 77 0
-46 17 -79 0
-46 -17 79 0
-46 18 -24 0
-46 -18 24 0
-46 19 -28 0
-46 -19 28 0
-48 5 -22 0
-48 -5 22 0
-48 1 -23 0
-48 -1 23 0
-48 6 -27 0
-48 -6 27 0
-48 7 -30 0
-48 -7 30 0
-48 2 -45 0
-48 -2 45 0
-48 10 -47 0
-48 -10 47 0
-48 11 -58 0
-48 -11 58 0
-48 12 -59 0
-48 -12 59 0
-48 13 -61 0
-48 -13 61 0
-48 3 -63 0
-48 -3 63 0
-48 14 -74 0
-48 -14 74 0
-48 15 -75 0
-48 -15 75 0
-48 16 -77 0
-48 -16 77 0
-48 17 -79 0
-48 -17 79 0
-48 19 -28 0
-48 -19 28 0
-48 20 -31 0
-48 -20 31 0
-49 5 -22 0
-49 -5 22 0
-49 1 -23 0
-49 -1 23 0
-49 6 -27 0
-49 -6 27 0
-49 7 -30 0
-49 -7 30 0
-49 8 -42 0
-49 -8 42 0
-49 10 -47 0
-49 -10 47 0
-49 11 -58 0
-49 -11 58 0
-49 12 -59 0
-49 -12 59 0
-49 13 -61 0
-49 -13 61 0
-49 3 -63 0
-49 -3 63 0
-49 14 -74 0
-49 -14 74 0
-49 15 -75 0
-49 -15 75 0
-49 16 -77 0
-49 -16 77 0
-49 17 -79 0
-49 -17 79 0
-49 4 -25 0
-49 -4 25 0
-49 20 -31 0
-49 -20 31 0
-50 5 -22 0
-50 -5 22 0
-50 1 -23 0
-50 -1 23 0
-50 6 -27 0
-50 -6 27 0
-50 7 -30 0
-50 -7 30 0
-50 8 -42 0
-50 -8 42 0
-50 2 -45 0
-50 -2 45 0
-50 11 -58 0
-50 -11 58 0
-50 12 -59 0
-50 -12 59 0
-50 13 -61 0
-50 -13 61 0
-50 3 -63 0
-50 -3 63 0
-50 14 -74 0
-50 -14 74 0
-50 15 -75 0
-50 -15 75 0
-50 16 -77 0
-50 -16 77 0
-50 17 -79 0
-50 -17 79 0
-50 4 -25 0
-50 -4 25 0
-50 19 -28 0
-50 -19 28 0
-51 5 -22 0
-51 -5 22 0
-51 1 -23 0
-51 -1 23 0
-51 6 -27 0
-51 -6 27 0
-51 7 -30 0
-51 -7 30 0
-51 9 -43 0
-51 -9 43 0
-51 10 -47 0
-51 -10 47 0
-51 11 -58 0
-51 -11 58 0
-51 12 -59 0
-51 -12 59 0
-51 13 -61 0
-51 -13 61 0
-51 3 -63 0
-51 -3 63 0
-51 14 -74 0
-51 -14 74 0
-51 15 -75 0
-51 -15 75 0
-51 16 -77 0
-51 -16 77 0
-51 17 -79 0
-51 -17 79 0
-51 18 -24 0
-51 -18 24 0
-51 20 -31 0
-51 -20 31 0
-52 5 -22 0
-52 -5 22 0
-52 1 -23 0
-52 -1 23 0
-52 6 -27 0
-52 -6 27 0
-52 7 -30 0
-52 -7 30 0
-52 8 -42 0
-52 -8 42 0
-52 10 -47 0
-52 -10 47 0
-52 11 -58 0
-52 -11 58 0
-52 12 -59 0
-52 -12 59 0
-52 13 -61 0
-52 -13 61 0
-52 3 -63 0
-52 -3 63 0
-52 14 -74 0
-52 -14 74 0
-52 15 -75 0
-52 -15 75 0
-52 16 -77 0
-52 -16 77 0
-52 17 -79 0
-52 -17 79 0
-52 4 -25 0
-52 -4 25 0
-52 20 -31 0
-52 -20 31 0
-53 5 -22 0
-53 -5 22 0
-53 1 -23 0
-53 -1 23 0
-53 6 -27 0
-53 -6 27 0
-53 7 -30 0
-53 -7 30 0
-53 8 -42 0
-53 -8 42 0
-53 9 -43 0
-53 -9 43 0
-53 11 -58 0
-53 -11 58 0
-53 12 -59 0
-53 -12 59 0
-53 13 -61 0
-53 -13 61 0
-53 3 -63 0
-53 -3 63 0
-53 14 -74 0
-53 -14 74 0
-53 15 -75 0
-53 -15 75 0
-53 16 -77 0
-53 -16 77 0
-53 17 -79 0
-53 -17 79 0
-53 4 -25 0
-53 -4 25 0
-53 18 -24 0
-53 -18 24 0
-54 5 -22 0
-54 -5 22 0
-54 1 -23 0
-54 -1 23 0
-54 6 -27 0
-54 -6 27 0
-54 7 -30 0
-54 -7 30 0
-54 9 -43 0
-54 -9 43 0
-54 2 -45 0
-54 -2 45 0
-54 11 -58 0
-54 -11 58 0
-54 12 -59 0
-54 -12 59 0
-54 13 -61 0
-54 -13 61 0
-54 3 -63 0
-54 -3 63 0
-54 14 -74 0
-54 -14 74 0
-54 15 -75 0
-54 -15 75 0
-54 16 -77 0
-54 -16 77 0
-54 17 -79 0
-54 -17 79 0
-54 18 -24 0
-54 -18 24 0
-54 19 -28 0
-54 -19 28 0
-55 5 -22 0
-55 -5 22 0
-55 1 -23 0
-55 -1 23 0
-55 6 -27 0
-55 -6 27 0
-55 7 -30 0
-55 -7 30 0
-55 8 -42 0
-55 -8 42 0
-55 2 -45 0
-55 -2 45 0
-55 11 -58 0
-55 -11 58 0
-55 12 -59 0
-55 -12 59 0
-55 13 -61 0
-55 -13 61 0
-55 3 -63 0
-55 -3 63 0
-55 14 -74 0
-55 -14 74 0
-55 15 -75 0
-55 -15 75 0
-55 16 -77 0
-55 -16 77 0
-55 17 -79 0
-55 -17 79 0
-55 4 -25 0
-55 -4 25 0
-55 19 -28 0
-55 -19 28 0
-56 5 -22 0
-56 -5 22 0
-56 1 -23 0
-56 -1 23 0
-56 6 -27 0
-56 -6 27 0
-56 7 -30 0
-56 -7 30 0
-56 8 -42 0
-56 -8 42 0
-56 9 -43 0
-56 -9 43 0
-56 11 -58 0
-56 -11 58 0
-56 12 -59 0
-56 -12 59 0
-56 13 -61 0
-56 -13 61 0
-56 3 -63 0
-56 -3 63 0
-56 14 -74 0
-56 -14 74 0
-56 15 -75 0
-56 -15 75 0
-56 16 -77 0
-56 -16 77 0
-56 17 -79 0
-56 -17 79 0
-56 4 -25 0
-56 -4 25 0
-56 18 -24 0
-56 -18 24 0
-57 5 -22 0
-57 -5 22 0
-57 1 -23 0
-57 -1 23 0
-57 6 -27 0
-57 -6 27 0
-57 7 -30 0
-57 -7 30 0
-57 8 -42 0
-57 -8 42 0
-57 9 -43 0
-57 -9 43 0
-57 2 -45 0
-57 -2 45 0
-57 10 -47 0
-57 -10 47 0
-57 13 -61 0
-57 -13 61 0
-57 3 -63 0
-57 -3 63 0
-57 14 -74 0
-57 -14 74 0
-57 15 -75 0
-57 -15 75 0
-57 16 -77 0
-57 -16 77 0
-57 17 -79 0
-57 -17 79 0
-57 19 -28 0
-57 -19 28 0
-57 20 -31 0
-57 -20 31 0
-60 5 -22 0
-60 -5 22 0
-60 1 -23 0
-60 -1 23 0
-60 6 -27 0
-60 -6 27 0
-60 7 -30 0
-60 -7 30 0
-60 8 -42 0
-60 -8 42 0
-60 9 -43 0
-60 -9 43 0
-60 2 -45 0
-60 -2 45 0
-60 10 -47 0
-60 -10 47 0
-60 12 -59 0
-60 -12 59 0
-60 3 -63 0
-60 -3 63 0
-60 14 -74 0
-60 -14 74 0
-60 15 -75 0
-60 -15 75 0
-60 16 -77 0
-60 -16 77 0
-60 17 -79 0
-60 -17 79 0
-60 18 -24 0
-60 -18 24 0
-60 20 -31 0
-60 -20 31 0
-62 5 -22 0
-62 -5 22 0
-62 1 -23 0
-62 -1 23 0
-62 6 -27 0
-62 -6 27 0
-62 7 -30 0
-62 -7 30 0
-62 8 -42 0
-62 -8 42 0
-62 9 -43 0
-62 -9 43 0
-62 2 -45 0
-62 -2 45 0
-62 10 -47 0
-62 -10 47 0
-62 12 -59 0
-62 -12 59 0
-62 13 -61 0
-62 -13 61 0
-62 14 -74 0
-62 -14 74 0
-62 15 -75 0
-62 -15 75 0
-62 16 -77 0
-62 -16 77 0
-62 17 -79 0
-62 -17 79 0
-62 18 -24 0
-62 -18 24 0
-62 19 -28 0
-62 -19 28 0
-64 5 -22 0
-64 -5 22 0
-64 1 -23 0
-64 -1 23 0
-64 6 -27 0
-64 -6 27 0
-64 7 -30 0
-64 -7 30 0
-64 8 -42 0
-64 -8 42 0
-64 9 -43 0
-64 -9 43 0
-64 2 -45 0
-64 -2 45 0
-64 10 -47 0
-64 -10 47 0
-64 13 -61 0
-64 -13 61 0
-64 3 -63 0
-64 -3 63 0
-64 14 -74 0
-64 -14 74 0
-64 15 -75 0
-64 -15 75 0
-64 16 -77 0
-64 -16 77 0
-64 17 -79 0
-64 -17 79 0
-64 19 -28 0
-64 -19 28 0
-64 20 -31 0
-64 -20 31 0
-65 5 -22 0
-65 -5 22 0
-65 1 -23 0
-65 -1 23 0
-65 6 -27 0
-65 -6 27 0
-65 7 -30 0
-65 -7 30 0
-65 8 -42 0
-65 -8 42 0
-65 9 -43 0
-65 -9 43 0
-65 2 -45 0
-65 -2 45 0
-65 10 -47 0
-65 -10 47 0
-65 11 -58 0
-65 -11 58 0
-65 3 -63 0
-65 -3 63 0
-65 14 -74 0
-65 -14 74 0
-65 15 -75 0
-65 -15 75 0
-65 16 -77 0
-65 -16 77 0
-65 17 -79 0
-65 -17 79 0
-65 4 -25 0
-65 -4 25 0
-65 20 -31 0
-65 -20 31 0
-66 5 -22 0
-66 -5 22 0
-66 1 -23 0
-66 -1 23 0
-66 6 -27 0
-66 -6 27 0
-66 7 -30 0
-66 -7 30 0
-66 8 -42 0
-66 -8 42 0
-66 9 -43 0
-66 -9 43 0
-66 2 -45 0
-66 -2 45 0
-66 10 -47 0
-66 -10 47 0
-66 11 -58 0
-66 -11 58 0
-66 13 -61 0
-66 -13 61 0
-66 14 -74 0
-66 -14 74 0
-66 15 -75 0
-66 -15 75 0
-66 16 -77 0
-66 -16 77 0
-66 17 -79 0
-66 -17 79 0
-66 4 -25 0
-66 -4 25 0
-66 19 -28 0
-66 -19 28 0
-67 5 -22 0
-67 -5 22 0
-67 1 -23 0
-67 -1 23 0
-67 6 -27 0
-67 -6 27 0
-67 7 -30 0
-67 -7 30 0
-67 8 -42 0
-67 -8 42 0
-67 9 -43 0
-67 -9 43 0
-67 2 -45 0
-67 -2 45 0
-67 10 -47 0
-67 -10 47 0
-67 12 -59 0
-67 -12 59 0
-67 3 -63 0
-67 -3 63 0
-67 14 -74 0
-67 -14 74 0
-67 15 -75 0
-67 -15 75 0
-67 16 -77 0
-67 -16 77 0
-67 17 -79 0
-67 -17 79 0
-67 18 -24 0
-67 -18 24 0
-67 20 -31 0
-67 -20 31 0
-68 5 -22 0
-68 -5 22 0
-68 1 -23 0
-68 -1 23 0
-68 6 -27 0
-68 -6 27 0
-68 7 -30 0
-68 -7 30 0
-68 8 -42 0
-68 -8 42 0
-68 9 -43 0
-68 -9 43 0
-68 2 -45 0
-68 -2 45 0
-68 10 -47 0
-68 -10 47 0
-68 11 -58 0
-68 -11 58 0
-68 3 -63 0
-68 -3 63 0
-68 14 -74 0
-68 -14 74 0
-68 15 -75 0
-68 -15 75 0
-68 16 -77 0
-68 -16 77 0
-68 17 -79 0
-68 -17 79 0
-68 4 -25 0
-68 -4 25 0
-68 20 -31 0
-68 -20 31 0
-69 5 -22 0
-69 -5 22 0
-69 1 -23 0
-69 -1 23 0
-69 6 -27 0
-69 -6 27 0
-69 7 -30 0
-69 -7 30 0
-69 8 -42 0
-69 -8 42 0
-69 9 -43 0
-69 -9 43 0
-69 2 -45 0
-69 -2 45 0
-69 10 -47 0
-69 -10 47 0
-69 11 -58 0
-69 -11 58 0
-69 12 -59 0
-69 -12 59 0
-69 14 -74 0
-69 -14 74 0
-69 15 -75 0
-69 -15 75 0
-69 16 -77 0
-69 -16 77 0
-69 17 -79 0
-69 -17 79 0
-69 4 -25 0
-69 -4 25 0
-69 18 -24 0
-69 -18 24 0
-70 5 -22 0
-70 -5 22 0
-70 1 -23 0
-70 -1 23 0
-70 6 -27 0
-70 -6 27 0
-70 7 -30 0
-70 -7 30 0
-70 8 -42 0
-70 -8 42 0
-70 9 -43 0
-70 -9 43 0
-70 2 -45 0
-70 -2 45 0
-70 10 -47 0
-70 -10 47 0
-70 12 -59 0
-70 -12 59 0
-70 13 -61 0
-70 -13 61 0
-70 14 -74 0
-70 -14 74 0
-70 15 -75 0
-70 -15 75 0
-70 16 -77 0
-70 -16 77 0
-70 17 -79 0
-70 -17 79 0
-70 18 -24 0
-70 -18 24 0
-70 19 -28 0
-70 -19 28 0
-71 5 -22 0
-71 -5 22 0
-71 1 -23 0
-71 -1 23 0
-71 6 -27 0
-71 -6 27 0
-71 7 -30 0
-71 -7 30 0
-71 8 -42 0
-71 -8 42 0
-71 9 -43 0
-71 -9 43 0
-71 2 -45 0
-71 -2 45 0
-71 10 -47 0
-71 -10 47 0
-71 11 -58 0
-71 -11 58 0
-71 13 -61 0
-71 -13 61 0
-71 14 -74 0
-71 -14 74 0
-71 15 -75 0
-71 -15 75 0
-71 16 -77 0
-71 -16 77 0
-71 17 -79 0
-71 -17 79 0
-71 4 -25 0
-71 -4 25 0
-71 19 -28 0
-71 -19 28 0
-72 5 -22 0
-72 -5 22 0
-72 1 -23 0
-72 -1 23 0
-72 6 -27 0
-72 -6 27 0
-72 7 -30 0
-72 -7 30 0
-72 8 -42 0
-72 -8 42 0
-72 9 -43 0
-72 -9 43 0
-72 2 -45 0
-72 -2 45 0
-72 10 -47 0
-72 -10 47 0
-72 11 -58 0
-72 -11 58 0
-72 12 -59 0
-72 -12 59 0
-72 14 -74 0
-72 -14 74 0
-72 15 -75 0
-72 -15 75 0
-72 16 -77 0
-72 -16 77 0
-72 17 -79 0
-72 -17 79 0
-72 4 -25 0
-72 -4 25 0
-72 18 -24 0
-72 -18 24 0
-73 5 -22 0
-73 -5 22 0
-73 1 -23 0
-73 -1 23 0
-73 6 -27 0
-73 -6 27 0
-73 7 -30 0
-73 -7 30 0
-73 8 -42 0
-73 -8 42 0
-73 9 -43 0
-73 -9 43 0
-73 2 -45 0
-73 -2 45 0
-73 10 -47 0
-73 -10 47 0
-73 11 -58 0
-73 -11 58 0
-73 12 -59 0
-73 -12 59 0
-73 13 -61 0
-73 -13 61 0
-73 3 -63 0
-73 -3 63 0
-73 16 -77 0
-73 -16 77 0
-73 17 -79 0
-73 -17 79 0
-73 19 -28 0
-73 -19 28 0
-73 20 -31 0
-73 -20 31 0
-76 5 -22 0
-76 -5 22 0
-76 1 -23 0
-76 -1 23 0
-76 6 -27 0
-76 -6 27 0
-76 7 -30 0
-76 -7 30 0
-76 8 -42 0
-76 -8 42 0
-76 9 -43 0
-76 -9 43 0
-76 2 -45 0
-76 -2 45 0
-76 10 -47 0
-76 -10 47 0
-76 11 -58 0
-76 -11 58 0
-76 12 -59 0
-76 -12 59 0
-76 13 -61 0
-76 -13 61 0
-76 3 -63 0
-76 -3 63 0
-76 15 -75 0
-76 -15 75 0
-76 17 -79 0
-76 -17 79 0
-76 18 -24 0
-76 -18 24 0
-76 20 -31 0
-76 -20 31 0
-78 5 -22 0
-78 -5 22 0
-78 1 -23 0
-78 -1 23 0
-78 6 -27 0
-78 -6 27 0
-78 7 -30 0
-78 -7 30 0
-78 8 -42 0
-78 -8 42 0
-78 9 -43 0
-78 -9 43 0
-78 2 -45 0
-78 -2 45 0
-78 10 -47 0
-78 -10 47 0
-78 11 -58 0
-78 -11 58 0
-78 12 -59 0
-78 -12 59 0
-78 13 -61 0
-78 -13 61 0
-78 3 -63 0
-78 -3 63 0
-78 15 -75 0
-78 -15 75 0
-78 16 -77 0
-78 -16 77 0
-78 18 -24 0
-78 -18 24 0
-78 19 -28 0
-78 -19 28 0
-80 5 -22 0
-80 -5 22 0
-80 1 -23 0
-80 -1 23 0
-80 6 -27 0
-80 -6 27 0
-80 7 -30 0
-80 -7 30 0
-80 8 -42 0
-80 -8 42 0
-80 9 -43 0
-80 -9 43 0
-80 2 -45 0
-80 -2 45 0
-80 10 -47 0
-80 -10 47 0
-80 11 -58 0
-80 -11 58 0
-80 12 -59 0
-80 -12 59 0
-80 13 -61 0
-80 -13 61 0
-80 3 -63 0
-80 -3 63 0
-80 16 -77 0
-80 -16 77 0
-80 17 -79 0
-80 -17 79 0
-80 19 -28 0
-80 -19 28 0
-80 20 -31 0
-80 -20 31 0
-81 5 -22 0
-81 -5 22 0
-81 1 -23 0
-81 -1 23 0
-81 6 -27 0
-81 -6 27 0
-81 7 -30 0
-81 -7 30 0
-81 8 -42 0
-81 -8 42 0
-81 9 -43 0
-81 -9 43 0
-81 2 -45 0
-81 -2 45 0
-81 10 -47 0
-81 -10 47 0
-81 11 -58 0
-81 -11 58 0
-81 12 -59 0
-81 -12 59 0
-81 13 -61 0
-81 -13 61 0
-81 3 -63 0
-81 -3 63 0
-81 14 -74 0
-81 -14 74 0
-81 17 -79 0
-81 -17 79 0
-81 4 -25 0
-81 -4 25 0
-81 20 -31 0
-81 -20 31 0
-82 5 -22 0
-82 -5 22 0
-82 1 -23 0
-82 -1 23 0
-82 6 -27 0
-82 -6 27 0
-82 7 -30 0
-82 -7 30 0
-82 8 -42 0
-82 -8 42 0
-82 9 -43 0
-82 -9 43 0
-82 2 -45 0
-82 -2 45 0
-82 10 -47 0
-82 -10 47 0
-82 11 -58 0
-82 -11 58 0
-82 12 -59 0
-82 -12 59 0
-82 13 -61 0
-82 -13 61 0
-82 3 -63 0
-82 -3 63 0
-82 14 -74 0
-82 -14 74 0
-82 16 -77 0
-82 -16 77 0
-82 4 -25 0
-82 -4 25 0
-82 19 -28 0
-82 -19 28 0
-83 5 -22 0
-83 -5 22 0
-83 1 -23 0
-83 -1 23 0
-83 6 -27 0
-83 -6 27 0
-83 7 -30 0
-83 -7 30 0
-83 8 -42 0
-83 -8 42 0
-83 9 -43 0
-83 -9 43 0
-83 2 -45 0
-83 -2 45 0
-83 10 -47 0
-83 -10 47 0
-83 11 -58 0
-83 -11 58 0
-83 12 -59 0
-83 -12 59 0
-83 13 -61 0
-83 -13 61 0
-83 3 -63 0
-83 -3 63 0
-83 15 -75 0
-83 -15 75 0
-83 17 -79 0
-83 -17 79 0
-83 18 -24 0
-83 -18 24 0
-83 20 -31 0
-83 -20 31 0
-84 5 -22 0
-84 -5 22 0
-84 1 -23 0
-84 -1 23 0
-84 6 -27 0
-84 -6 27 0
-84 7 -30 0
-84 -7 30 0
-84 8 -42 0
-84 -8 42 0
-84 9 -43 0
-84 -9 43 0
-84 2 -45 0
-84 -2 45 0
-84 10 -47 0
-84 -10 47 0
-84 11 -58 0
-84 -11 58 0
-84 12 -59 0
-84 -12 59 0
-84 13 -61 0
-84 -13 61 0
-84 3 -63 0
-84 -3 63 0
-84 14 -74 0
-84 -14 74 0
-84 17 -79 0
-84 -17 79 0
-84 4 -25 0
-84 -4 25 0
-84 20 -31 0
-84 -20 31 0
-85 5 -22 0
-85 -5 22 0
-85 1 -23 0
-85 -1 23 0
-85 6 -27 0
-85 -6 27 0
-85 7 -30 0
-85 -7 30 0
-85 8 -42 0
-85 -8 42 0
-85 9 -43 0
-85 -9 43 0
-85 2 -45 0
-85 -2 45 0
-85 10 -47 0
-85 -10 47 0
-85 11 -58 0
-85 -11 58 0
-85 12 -59 0
-85 -12 59 0
-85 13 -61 0
-85 -13 61 0
-85 3 -63 0
-85 -3 63 0
-85 14 -74 0
-85 -14 74 0
-85 15 -75 0
-85 -15 75 0
-85 4 -25 0
-85 -4 25 0
-85 18 -24 0
-85 -18 24 0
-86 5 -22 0
-86 -5 22 0
-86 1 -23 0
-86 -1 23 0
-86 6 -27 0
-86 -6 27 0
-86 7 -30 0
-86 -7 30 0
-86 8 -42 0
-86 -8 42 0
-86 9 -43 0
-86 -9 43 0
-86 2 -45 0
-86 -2 45 0
-86 10 -47 0
-86 -10 47 0
-86 11 -58 0
-86 -11 58 0
-86 12 -59 0
-86 -12 59 0
-86 13 -61 0
-86 -13 61 0
-86 3 -63 0
-86 -3 63 0
-86 15 -75 0
-86 -15 75 0
-86 16 -77 0
-86 -16 77 0
-86 18 -24 0
-86 -18 24 0
-86 19 -28 0
-86 -19 28 0
-87 5 -22 0
-87 -5 22 0
-87 1 -23 0
-87 -1 23 0
-87 6 -27 0
-87 -6 27 0
-87 7 -30 0
-87 -7 30 0
-87 8 -42 0
-87 -8 42 0
-87 9 -43 0
-87 -9 43 0
-87 2 -45 0
-87 -2 45 0
-87 10 -47 0
-87 -10 47 0
-87 11 -58 0
-87 -11 58 0
-87 12 -59 0
-87 -12 59 0
-87 13 -61 0
-87 -13 61 0
-87 3 -63 0
-87 -3 63 0
-87 14 -74 0
-87 -14 74 0
-87 16 -77 0
-87 -16 77 0
-87 4 -25 0
-87 -4 25 0
-87 19 -28 0
-87 -19 28 0
-88 5 -22 0
-88 -5 22 0
-88 1 -23 0
-88 -1 23 0
-88 6 -27 0
-88 -6 27 0
-88 7 -30 0
-88 -7 30 0
-88 8 -42 0
-88 -8 42 0
-88 9 -43 0
-88 -9 43 0
-88 2 -45 0
-88 -2 45 0
-88 10 -47 0
-88 -10 47 0
-88 11 -58 0
-88 -11 58 0
-88 12 -59 0
-88 -12 59 0
-88 13 -61 0
-88 -13 61 0
-88 3 -63 0
-88 -3 63 0
-88 14 -74 0
-88 -14 74 0
-88 15 -75 0
-88 -15 75 0
-88 4 -25 0
-88 -4 25 0
-88 18 -24 0
-88 -18 24 0
-89 1 -23 0
-89 -1 23 0
-89 6 -27 0
-89 -6 27 0
-89 8 -42 0
-89 -8 42 0
-89 9 -43 0
-89 -9 43 0
-89 2 -45 0
-89 -2 45 0
-89 10 -47 0
-89 -10 47 0
-89 11 -58 0
-89 -11 58 0
-89 12 -59 0
-89 -12 59 0
-89 13 -61 0
-89 -13 61 0
-89 3 -63 0
-89 -3 63 0
-89 14 -74 0
-89 -14 74 0
-89 15 -75 0
-89 -15 75 0
-89 16 -77 0
-89 -16 77 0
-89 17 -79 0
-89 -17 79 0
-89 18 -24 0
-89 -18 24 0
-89 19 -28 0
-89 -19 28 0
-89 20 -31 0
-89 -20 31 0
-90 5 -22 0
-90 -5 22 0
-90 6 -27 0
-90 -6 27 0
-90 8 -42 0
-90 -8 42 0
-90 9 -43 0
-90 -9 43 0
-90 2 -45 0
-90 -2 45 0
-90 10 -47 0
-90 -10 47 0
-90 11 -58 0
-90 -11 58 0
-90 12 -59 0
-90 -12 59 0
-90 13 -61 0
-90 -13 61 0
-90 3 -63 0
-90 -3 63 0
-90 14 -74 0
-90 -14 74 0
-90 15 -75 0
-90 -15 75 0
-90 16 -77 0
-90 -16 77 0
-90 17 -79 0
-90 -17 79 0
-90 4 -25 0
-90 -4 25 0
-90 19 -28 0
-90 -19 28 0
-90 20 -31 0
-90 -20 31 0
-91 5 -22 0
-91 -5 22 0
-91 1 -23 0
-91 -1 23 0
-91 8 -42 0
-91 -8 42 0
-91 9 -43 0
-91 -9 43 0
-91 2 -45 0
-91 -2 45 0
-91 10 -47 0
-91 -10 47 0
-91 11 -58 0
-91 -11 58 0
-91 12 -59 0
-91 -12 59 0
-91 13 -61 0
-91 -13 61 0
-91 3 -63 0
-91 -3 63 0
-91 14 -74 0
-91 -14 74 0
-91 15 -75 0
-91 -15 75 0
-91 16 -77 0
-91 -16 77 0
-91 17 -79 0
-91 -17 79 0
-91 4 -25 0
-91 -4 25 0
-91 18 -24 0
-91 -18 24 0
-91 20 -31 0
-91 -20 31 0
-92 5 -22 0
-92 -5 22 0
-92 1 -23 0
-92 -1 23 0
-92 6 -27 0
-92 -6 27 0
-92 7 -30 0
-92 -7 30 0
-92 9 -43 0
-92 -9 43 0
-92 2 -45 0
-92 -2 45 0
-92 11 -58 0
-92 -11 58 0
-92 12 -59 0
-92 -12 59 0
-92 13 -61 0
-92 -13 61 0
-92 3 -63 0
-92 -3 63 0
-92 14 -74 0
-92 -14 74 0
-92 15 -75 0
-92 -15 75 0
-92 16 -77 0
-92 -16 77 0
-92 17 -79 0
-92 -17 79 0
-92 18 -24 0
-92 -18 24 0
-92 19 -28 0
-92 -19 28 0
-92 20 -31 0
-92 -20 31 0
-93 5 -22 0
-93 -5 22 0
-93 1 -23 0
-93 -1 23 0
-93 6 -27 0
-93 -6 27 0
-93 7 -30 0
-93 -7 30 0
-93 8 -42 0
-93 -8 42 0
-93 2 -45 0
-93 -2 45 0
-93 11 -58 0
-93 -11 58 0
-93 12 -59 0
-93 -12 59 0
-93 13 -61 0
-93 -13 61 0
-93 3 -63 0
-93 -3 63 0
-93 14 -74 0
-93 -14 74 0
-93 15 -75 0
-93 -15 75 0
-93 16 -77 0
-93 -16 77 0
-93 17 -79 0
-93 -17 79 0
-93 4 -25 0
-93 -4 25 0
-93 19 -28 0
-93 -19 28 0
-93 20 -31 0
-93 -20 31 0
-94 5 -22 0
-94 -5 22 0
-94 1 -23 0
-94 -1 23 0
-94 6 -27 0
-94 -6 27 0
-94 7 -30 0
-94 -7 30 0
-94 8 -42 0
-94 -8 42 0
-94 9 -43 0
-94 -9 43 0
-94 11 -58 0
-94 -11 58 0
-94 12 -59 0
-94 -12 59 0
-94 13 -61 0
-94 -13 61 0
-94 3 -63 0
-94 -3 63 0
-94 14 -74 0
-94 -14 74 0
-94 15 -75 0
-94 -15 75 0
-94 16 -77 0
-94 -16 77 0
-94 17 -79 0
-94 -17 79 0
-94 4 -25 0
-94 -4 25 0
-94 18 -24 0
-94 -18 24 0
-94 20 -31 0
-94 -20 31 0
-95 5 -22 0
-95 -5 22 0
-95 1 -23 0
-95 -1 23 0
-95 6 -27 0
-95 -6 27 0
-95 7 -30 0
-95 -7 30 0
-95 8 -42 0
-95 -8 42 0
-95 9 -43 0
-95 -9 43 0
-95 2 -45 0
-95 -2 45 0
-95 10 -47 0
-95 -10 47 0
-95 12 -59 0
-95 -12 59 0
-95 13 -61 0
-95 -13 61 0
-95 14 -74 0
-95 -14 74 0
-95 15 -75 0
-95 -15 75 0
-95 16 -77 0
-95 -16 77 0
-95 17 -79 0
-95 -17 79 0
-95 18 -24 0
-95 -18 24 0
-95 19 -28 0
-95 -19 28 0
-95 20 -31 0
-95 -20 31 0
-96 5 -22 0
-96 -5 22 0
-96 1 -23 0
-96 -1 23 0
-96 6 -27 0
-96 -6 27 0
-96 7 -30 0
-96 -7 30 0
-96 8 -42 0
-96 -8 42 0
-96 9 -43 0
-96 -9 43 0
-96 2 -45 0
-96 -2 45 0
-96 10 -47 0
-96 -10 47 0
-96 11 -58 0
-96 -11 58 0
-96 13 -61 0
-96 -13 61 0
-96 14 -74 0
-96 -14 74 0
-96 15 -75 0
-96 -15 75 0
-96 16 -77 0
-96 -16 77 0
-96 17 -79 0
-96 -17 79 0
-96 4 -25 0
-96 -4 25 0
-96 19 -28 0
-96 -19 28 0
-96 20 -31 0
-96 -20 31 0
-97 5 -22 0
-97 -5 22 0
-97 1 -23 0
-97 -1 23 0
-97 6 -27 0
-97 -6 27 0
-97 7 -30 0
-97 -7 30 0
-97 8 -42 0
-97 -8 42 0
-97 9 -43 0
-97 -9 43 0
-97 2 -45 0
-97 -2 45 0
-97 10 -47 0
-97 -10 47 0
-97 11 -58 0
-97 -11 58 0
-97 12 -59 0
-97 -12 59 0
-97 14 -74 0
-97 -14 74 0
-97 15 -75 0
-97 -15 75 0
-97 16 -77 0
-97 -16 77 0
-97 17 -79 0
-97 -17 79 0
-97 4 -25 0
-97 -4 25 0
-97 18 -24 0
-97 -18 24 0
-97 20 -31 0
-97 -20 31 0
-98 5 -22 0
-98 -5 22 0
-98 1 -23 0
-98 -1 23 0
-98 6 -27 0
-98 -6 27 0
-98 7 -30 0
-98 -7 30 0
-98 8 -42 0
-98 -8 42 0
-98 9 -43 0
-98 -9 43 0
-98 2 -45 0
-98 -2 45 0
-98 10 -47 0
-98 -10 47 0
-98 11 -58 0
-98 -11 58 0
-98 12 -59 0
-98 -12 59 0
-98 13 -61 0
-98 -13 61 0
-98 3 -63 0
-98 -3 63 0
-98 15 -75 0
-98 -15 75 0
-98 16 -77 0
-98 -16 77 0
-98 18 -24 0
-98 -18 24 0
-98 19 -28 0
-98 -19 28 0
-98 20 -31 0
-98 -20 31 0
-99 5 -22 0
-99 -5 22 0
-99 1 -23 0
-99 -1 23 0
-99 6 -27 0
-99 -6 27 0
-99 7 -30 0
-99 -7 30 0
-99 8 -42 0
-99 -8 42 0
-99 9 -43 0
-99 -9 43 0
-99 2 -45 0
-99 -2 45 0
-99 10 -47 0
-99 -10 47 0
-99 11 -58 0
-99 -11 58 0
-99 12 -59 0
-99 -12 59 0
-99 13 -61 0
-99 -13 61 0
-99 3 -63 0
-99 -3 63 0
-99 14 -74 0
-99 -14 74 0
-99 16 -77 0
-99 -16 77 0
-99 4 -25 0
-99 -4 25 0
-99 19 -28 0
-99 -19 28 0
-99 20 -31 0
-99 -20 31 0
-100 5 -22 0
-100 -5 22 0
-100 1 -23 0
-100 -1 23 0
-100 6 -27 0
-100 -6 27 0
-100 7 -30 0
-100 -7 30 0
-100 8 -42 0
-100 -8 42 0
-100 9 -43 0
-100 -9 43 0
-100 2 -45 0
-100 -2 45 0
-100 10 -47 0
-100 -10 47 0
-100 11 -58 0
-100 -11 58 0
-100 12 -59 0
-100 -12 59 0
-100 13 -61 0
-100 -13 61 0
-100 3 -63 0
-100 -3 63 0
-100 14 -74 0
-100 -14 74 0
-100 15 -75 0
-100 -15 75 0
-100 4 -25 0
-100 -4 25 0
-100 18 -24 0
-100 -18 24 0
-100 20 -31 0
-100 -20 31 0
21 26 29 32 33 34 35 36 37 38 39 40 41 44 46 48 49 50 51 52 53 54 55 56 57 60 62 64 65 66 67 68 69 70 71 72 73 76 78 80 81 82 83 84 85 86 87 88 89 90 91 92 93 94 95 96 97 98 99 100 0
-26 -21 0
-29 -21 0
-36 -21 0
-37 -21 0
-39 -21 0
-40 -21 0
-41 -21 0
-44 -21 0
-46 -21 0
-52 -21 0
-53 -21 0
-55 -21 0
-56 -21 0
-57 -21 0
-60 -21 0
-62 -21 0
-68 -21 0
-69 -21 0
-71 -21 0
-72 -21 0
-73 -21 0
-76 -21 0
-78 -21 0
-84 -21 0
-85 -21 0
-87 -21 0
-88 -21 0
-89 -21 0
-91 -21 0
-92 -21 0
-94 -21 0
-95 -21 0
-97 -21 0
-98 -21 0
-100 -21 0
-29 -26 0
-33 -26 0
-34 -26 0
-39 -26 0
-40 -26 0
-41 -26 0
-44 -26 0
-46 -26 0
-49 -26 0
-50 -26 0
-55 -26 0
-56 -26 0
-57 -26 0
-60 -26 0
-62 -26 0
-65 -26 0
-66 -26 0
-71 -26 0
-72 -26 0
-73 -26 0
-76 -26 0
-78 -26 0
-81 -26 0
-82 -26 0
-87 -26 0
-88 -26 0
-89 -26 0
-90 -26 0
-92 -26 0
-93 -26 0
-95 -26 0
-96 -26 0
-98 -26 0
-99 -26 0
-33 -29 0
-34 -29 0
-36 -29 0
-37 -29 0
-41 -29 0
-44 -29 0
-46 -29 0
-49 -29 0
-50 -29 0
-52 -29 0
-53 -29 0
-57 -29 0
-60 -29 0
-62 -29 0
-65 -29 0
-66 -29 0
-68 -29 0
-69 -29 0
-73 -29 0
-76 -29 0
-78 -29 0
-81 -29 0
-82 -29 0
-84 -29 0
-85 -29 0
-89 -29 0
-90 -29 0
-91 -29 0
-92 -29 0
-93 -29 0
-94 -29 0
-95 -29 0
-96 -29 0
-97 -29 0
-98 -29 0
-99 -29 0
-100 -29 0
-33 -32 0
-34 -32 0
-35 -32 0
-37 -32 0
-38 -32 0
-40 -32 0
-48 -32 0
-49 -32 0
-50 -32 0
-51 -32 0
-53 -32 0
-54 -32 0
-56 -32 0
-64 -32 0
-65 -32 0
-66 -32 0
-67 -32 0
-69 -32 0
-70 -32 0
-72 -32 0
-80 -32 0
-81 -32 0
-82 -32 0
-83 -32 0
-85 -32 0
-86 -32 0
-88 -32 0
-90 -32 0
-91 -32 0
-93 -32 0
-94 -32 0
-96 -32 0
-97 -32 0
-99 -32 0
-100 -32 0
-34 -33 0
-38 -33 0
-40 -33 0
-44 -33 0
-46 -33 0
-48 -33 0
-49 -33 0
-50 -33 0
-54 -33 0
-56 -33 0
-60 -33 0
-62 -33 0
-64 -33 0
-65 -33 0
-66 -33 0
-70 -33 0
-72 -33 0
-76 -33 0
-78 -33 0
-80 -33 0
-81 -33 0
-82 -33 0
-86 -33 0
-88 -33 0
-89 -33 0
-90 -33 0
-92 -33 0
-93 -33 0
-95 -33 0
-96 -33 0
-98 -33 0
-99 -33 0
-35 -34 0
-37 -34 0
-44 -34 0
-46 -34 0
-48 -34 0
-49 -34 0
-50 -34 0
-51 -34 0
-53 -34 0
-60 -34 0
-62 -34 0
-64 -34 0
-65 -34 0
-66 -34 0
-67 -34 0
-69 -34 0
-76 -34 0
-78 -34 0
-80 -34 0
-81 -34 0
-82 -34 0
-83 -34 0
-85 -34 0
-89 -34 0
-90 -34 0
-91 -34 0
-92 -34 0
-93 -34 0
-94 -34 0
-95 -34 0
-96 -34 0
-97 -34 0
-98 -34 0
-99 -34 0
-100 -34 0
-36 -35 0
-37 -35 0
-38 -35 0
-39 -35 0
-48 -35 0
-50 -35 0
-51 -35 0
-52 -35 0
-53 -35 0
-54 -35 0
-55 -35 0
-64 -35 0
-66 -35 0
-67 -35 0
-68 -35 0
-69 -35 0
-70 -35 0
-71 -35 0
-80 -35 0
-82 -35 0
-83 -35 0
-84 -35 0
-85 -35 0
-86 -35 0
-87 -35 0
-90 -35 0
-91 -35 0
-93 -35 0
-94 -35 0
-96 -35 0
-97 -35 0
-99 -35 0
-100 -35 0
-37 -36 0
-38 -36 0
-39 -36 0
-41 -36 0
-46 -36 0
-51 -36 0
-52 -36 0
-53 -36 0
-54 -36 0
-55 -36 0
-57 -36 0
-62 -36 0
-67 -36 0
-68 -36 0
-69 -36 0
-70 -36 0
-71 -36 0
-73 -36 0
-78 -36 0
-83 -36 0
-84 -36 0
-85 -36 0
-86 -36 0
-87 -36 0
-89 -36 0
-91 -36 0
-92 -36 0
-94 -36 0
-95 -36 0
-97 -36 0
-98 -36 0
-100 -36 0
-41 -37 0
-46 -37 0
-48 -37 0
-50 -37 0
-51 -37 0
-52 -37 0
-53 -37 0
-57 -37 0
-62 -37 0
-64 -37 0
-66 -37 0
-67 -37 0
-68 -37 0
-69 -37 0
-73 -37 0
-78 -37 0
-80 -37 0
-82 -37 0
-83 -37 0
-84 -37 0
-85 -37 0
-89 -37 0
-90 -37 0
-91 -37 0
-92 -37 0
-93 -37 0
-94 -37 0
-95 -37 0
-96 -37 0
-97 -37 0
-98 -37 0
-99 -37 0
-100 -37 0
-39 -38 0
-40 -38 0
-48 -38 0
-49 -38 0
-51 -38 0
-52 -38 0
-54 -38 0
-55 -38 0
-56 -38 0
-64 -38 0
-65 -38 0
-67 -38 0
-68 -38 0
-70 -38 0
-71 -38 0
-72 -38 0
-80 -38 0
-81 -38 0
-83 -38 0
-84 -38 0
-86 -38 0
-87 -38 0
-88 -38 0
-93 -38 0
-94 -38 0
-96 -38 0
-97 -38 0
-99 -38 0
-100 -38 0
-40 -39 0
-41 -39 0
-44 -39 0
-51 -39 0
-52 -39 0
-54 -39 0
-55 -39 0
-56 -39 0
-57 -39 0
-60 -39 0
-67 -39 0
-68 -39 0
-70 -39 0
-71 -39 0
-72 -39 0
-73 -39 0
-76 -39 0
-83 -39 0
-84 -39 0
-86 -39 0
-87 -39 0
-88 -39 0
-92 -39 0
-94 -39 0
-95 -39 0
-97 -39 0
-98 -39 0
-100 -39 0
-41 -40 0
-44 -40 0
-48 -40 0
-49 -40 0
-54 -40 0
-55 -40 0
-56 -40 0
-57 -40 0
-60 -40 0
-64 -40 0
-65 -40 0
-70 -40 0
-71 -40 0
-72 -40 0
-73 -40 0
-76 -40 0
-80 -40 0
-81 -40 0
-86 -40 0
-87 -40 0
-88 -40 0
-92 -40 0
-93 -40 0
-95 -40 0
-96 -40 0
-98 -40 0
-99 -40 0
-44 -41 0
-46 -41 0
-52 -41 0
-53 -41 0
-55 -41 0
-56 -41 0
-57 -41 0
-60 -41 0
-62 -41 0
-68 -41 0
-69 -41 0
-71 -41 0
-72 -41 0
-73 -41 0
-76 -41 0
-78 -41 0
-84 -41 0
-85 -41 0
-87 -41 0
-88 -41 0
-89 -41 0
-91 -41 0
-92 -41 0
-94 -41 0
-95 -41 0
-97 -41 0
-98 -41 0
-100 -41 0
-46 -44 0
-49 -44 0
-50 -44 0
-55 -44 0
-56 -44 0
-57 -44 0
-60 -44 0
-62 -44 0
-65 -44 0
-66 -44 0
-71 -44 0
-72 -44 0
-73 -44 0
-76 -44 0
-78 -44 0
-81 -44 0
-82 -44 0
-87 -44 0
-88 -44 0
-89 -44 0
-90 -44 0
-92 -44 0
-93 -44 0
-95 -44 0
-96 -44 0
-98 -44 0
-99 -44 0
-49 -46 0
-50 -46 0
-52 -46 0
-53 -46 0
-57 -46 0
-60 -46 0
-62 -46 0
-65 -46 0
-66 -46 0
-68 -46 0
-69 -46 0
-73 -46 0
-76 -46 0
-78 -46 0
-81 -46 0
-82 -46 0
-84 -46 0
-85 -46 0
-89 -46 0
-90 -46 0
-91 -46 0
-92 -46 0
-93 -46 0
-94 -46 0
-95 -46 0
-96 -46 0
-97 -46 0
-98 -46 0
-99 -46 0
-100 -46 0
-49 -48 0
-50 -48 0
-51 -48 0
-53 -48 0
-54 -48 0
-56 -48 0
-64 -48 0
-65 -48 0
-66 -48 0
-67 -48 0
-69 -48 0
-70 -48 0
-72 -48 0
-80 -48 0
-81 -48 0
-82 -48 0
-83 -48 0
-85 -48 0
-86 -48 0
-88 -48 0
-90 -48 0
-91 -48 0
-93 -48 0
-94 -48 0
-96 -48 0
-97 -48 0
-99 -48 0
-100 -48 0
-50 -49 0
-54 -49 0
-56 -49 0
-60 -49 0
-62 -49 0
-64 -49 0
-65 -49 0
-66 -49 0
-70 -49 0
-72 -49 0
-76 -49 0
-78 -49 0
-80 -49 0
-81 -49 0
-82 -49 0
-86 -49 0
-88 -49 0
-89 -49 0
-90 -49 0
-92 -49 0
-93 -49 0
-95 -49 0
-96 -49 0
-98 -49 0
-99 -49 0
-51 -50 0
-53 -50 0
-60 -50 0
-62 -50 0
-64 -50 0
-65 -50 0
-66 -50 0
-67 -50 0
-69 -50 0
-76 -50 0
-78 -50 0
-80 -50 0
-81 -50 0
-82 -50 0
-83 -50 0
-85 -50 0
-89 -50 0
-90 -50 0
-91 -50 0
-92 -50 0
-93 -50 0
-94 -50 0
-95 -50 0
-96 -50 0
-97 -50 0
-98 -50 0
-99 -50 0
-100 -50 0
-52 -51 0
-53 -51 0
-54 -51 0
-55 -51 0
-64 -51 0
-66 -51 0
-67 -51 0
-68 -51 0
-69 -51 0
-70 -51 0
-71 -51 0
-80 -51 0
-82 -51 0
-83 -51 0
-84 -51 0
-85 -51 0
-86 -51 0
-87 -51 0
-90 -51 0
-91 -51 0
-93 -51 0
-94 -51 0
-96 -51 0
-97 -51 0
-99 -51 0
-100 -51 0
-53 -52 0
-54 -52 0
-55 -52 0
-57 -52 0
-62 -52 0
-67 -52 0
-68 -52 0
-69 -52 0
-70 -52 0
-71 -52 0
-73 -52 0
-78 -52 0
-83 -52 0
-84 -52 0
-85 -52 0
-86 -52 0
-87 -52 0
-89 -52 0
-91 -52 0
-92 -52 0
-94 -52 0
-95 -52 0
-97 -52 0
-98 -52 0
-100 -52 0
-57 -53 0
-62 -53 0
-64 -53 0
-66 -53 0
-67 -53 0
-68 -53 0
-69 -53 0
-73 -53 0
-78 -53 0
-80 -53 0
-82 -53 0
-83 -53 0
-84 -53 0
-85 -53 0
-89 -53 0
-90 -53 0
-91 -53 0
-92 -53 0
-93 -53 0
-94 -53 0
-95 -53 0
-96 -53 0
-97 -53 0
-98 -53 0
-99 -53 0
-100 -53 0
-55 -54 0
-56 -54 0
-64 -54 0
-65 -54 0
-67 -54 0
-68 -54 0
-70 -54 0
-71 -54 0
-72 -54 0
-80 -54 0
-81 -54 0
-83 -54 0
-84 -54 0
-86 -54 0
-87 -54 0
-88 -54 0
-90 -54 0
-91 -54 0
-96 -54 0
-97 -54 0
-99 -54 0
-100 -54 0
-56 -55 0
-57 -55 0
-60 -55 0
-67 -55 0
-68 -55 0
-70 -55 0
-71 -55 0
-72 -55 0
-73 -55 0
-76 -55 0
-83 -55 0
-84 -55 0
-86 -55 0
-87 -55 0
-88 -55 0
-89 -55 0
-91 -55 0
-95 -55 0
-97 -55 0
-98 -55 0
-100 -55 0
-57 -56 0
-60 -56 0
-64 -56 0
-65 -56 0
-70 -56 0
-71 -56 0
-72 -56 0
-73 -56 0
-76 -56 0
-80 -56 0
-81 -56 0
-86 -56 0
-87 -56 0
-88 -56 0
-89 -56 0
-90 -56 0
-95 -56 0
-96 -56 0
-98 -56 0
-99 -56 0
-60 -57 0
-62 -57 0
-68 -57 0
-69 -57 0
-71 -57 0
-72 -57 0
-73 -57 0
-76 -57 0
-78 -57 0
-84 -57 0
-85 -57 0
-87 -57 0
-88 -57 0
-89 -57 0
-91 -57 0
-92 -57 0
-94 -57 0
-95 -57 0
-97 -57 0
-98 -57 0
-100 -57 0
-62 -60 0
-65 -60 0
-66 -60 0
-71 -60 0
-72 -60 0
-73 -60 0
-76 -60 0
-78 -60 0
-81 -60 0
-82 -60 0
-87 -60 0
-88 -60 0
-89 -60 0
-90 -60 0
-92 -60 0
-93 -60 0
-95 -60 0
-96 -60 0
-98 -60 0
-99 -60 0
-65 -62 0
-66 -62 0
-68 -62 0
-69 -62 0
-73 -62 0
-76 -62 0
-78 -62 0
-81 -62 0
-82 -62 0
-84 -62 0
-85 -62 0
-89 -62 0
-90 -62 0
-91 -62 0
-92 -62 0
-93 -62 0
-94 -62 0
-95 -62 0
-96 -62 0
-97 -62 0
-98 -62 0
-99 -62 0
-100 -62 0
-65 -64 0
-66 -64 0
-67 -64 0
-69 -64 0
-70 -64 0
-72 -64 0
-80 -64 0
-81 -64 0
-82 -64 0
-83 -64 0
-85 -64 0
-86 -64 0
-88 -64 0
-90 -64 0
-91 -64 0
-93 -64 0
-94 -64 0
-96 -64 0
-97 -64 0
-99 -64 0
-100 -64 0
-66 -65 0
-70 -65 0
-72 -65 0
-76 -65 0
-78 -65 0
-80 -65 0
-81 -65 0
-82 -65 0
-86 -65 0
-88 -65 0
-89 -65 0
-90 -65 0
-92 -65 0
-93 -65 0
-95 -65 0
-96 -65 0
-98 -65 0
-99 -65 0
-67 -66 0
-69 -66 0
-76 -66 0
-78 -66 0
-80 -66 0
-81 -66 0
-82 -66 0
-83 -66 0
-85 -66 0
-89 -66 0
-90 -66 0
-91 -66 0
-92 -66 0
-93 -66 0
-94 -66 0
-95 -66 0
-96 -66 0
-97 -66 0
-98 -66 0
-99 -66 0
-100 -66 0
-68 -67 0
-69 -67 0
-70 -67 0
-71 -67 0
-80 -67 0
-82 -67 0
-83 -67 0
-84 -67 0
-85 -67 0
-86 -67 0
-87 -67 0
-90 -67 0
-91 -67 0
-93 -67 0
-94 -67 0
-96 -67 0
-97 -67 0
-99 -67 0
-100 -67 0
-69 -68 0
-70 -68 0
-71 -68 0
-73 -68 0
-78 -68 0
-83 -68 0
-84 -68 0
-85 -68 0
-86 -68 0
-87 -68 0
-89 -68 0
-91 -68 0
-92 -68 0
-94 -68 0
-95 -68 0
-97 -68 0
-98 -68 0
-100 -68 0
-73 -69 0
-78 -69 0
-80 -69 0
-82 -69 0
-83 -69 0
-84 -69 0
-85 -69 0
-89 -69 0
-90 -69 0
-91 -69 0
-92 -69 0
-93 -69 0
-94 -69 0
-95 -69 0
-96 -69 0
-97 -69 0
-98 -69 0
-99 -69 0
-100 -69 0
-71 -70 0
-72 -70 0
-80 -70 0
-81 -70 0
-83 -70 0
-84 -70 0
-86 -70 0
-87 -70 0
-88 -70 0
-90 -70 0
-91 -70 0
-93 -70 0
-94 -70 0
-99 -70 0
-100 -70 0
-72 -71 0
-73 -71 0
-76 -71 0
-83 -71 0
-84 -71 0
-86 -71 0
-87 -71 0
-88 -71 0
-89 -71 0
-91 -71 0
-92 -71 0
-94 -71 0
-98 -71 0
-100 -71 0
-73 -72 0
-76 -72 0
-80 -72 0
-81 -72 0
-86 -72 0
-87 -72 0
-88 -72 0
-89 -72 0
-90 -72 0
-92 -72 0
-93 -72 0
-98 -72 0
-99 -72 0
-76 -73 0
-78 -73 0
-84 -73 0
-85 -73 0
-87 -73 0
-88 -73 0
-89 -73 0
-91 -73 0
-92 -73 0
-94 -73 0
-95 -73 0
-97 -73 0
-98 -73 0
-100 -73 0
-78 -76 0
-81 -76 0
-82 -76 0
-87 -76 0
-88 -76 0
-89 -76 0
-90 -76 0
-92 -76 0
-93 -76 0
-95 -76 0
-96 -76 0
-98 -76 0
-99 -76 0
-81 -78 0
-82 -78 0
-84 -78 0
-85 -78 0
-89 -78 0
-90 -78 0
-91 -78 0
-92 -78 0
-93 -78 0
-94 -78 0
-95 -78 0
-96 -78 0
-97 -78 0
-98 -78 0
-99 -78 0
-100 -78 0
-81 -80 0
-82 -80 0
-83 -80 0
-85 -80 0
-86 -80 0
-88 -80 0
-90 -80 0
-91 -80 0
-93 -80 0
-94 -80 0
-96 -80 0
-97 -80 0
-99 -80 0
-100 -80 0
-82 -81 0
-86 -81 0
-88 -81 0
-89 -81 0
-90 -81 0
-92 -81 0
-93 -81 0
-95 -81 0
-96 -81 0
-98 -81 0
-99 -81 0
-83 -82 0
-85 -82 0
-89 -82 0
-90 -82 0
-91 -82 0
-92 -82 0
-93 -82 0
-94 -82 0
-95 -82 0
-96 -82 0
-97 -82 0
-98 -82 0
-99 -82 0
-100 -82 0
-84 -83 0
-85 -83 0
-86 -83 0
-87 -83 0
-90 -83 0
-91 -83 0
-93 -83 0
-94 -83 0
-96 -83 0
-97 -83 0
-99 -83 0
-100 -83 0
-85 -84 0
-86 -84 0
-87 -84 0
-89 -84 0
-91 -84 0
-92 -84 0
-94 -84 0
-95 -84 0
-97 -84 0
-98 -84 0
-100 -84 0
-89 -85 0
-90 -85 0
-91 -85 0
-92 -85 0
-93 -85 0
-94 -85 0
-95 -85 0
-96 -85 0
-97 -85 0
-98 -85 0
-99 -85 0
-100 -85 0
-87 -86 0
-88 -86 0
-90 -86 0
-91 -86 0
-93 -86 0
-94 -86 0
-96 -86 0
-97 -86 0
-88 -87 0
-89 -87 0
-91 -87 0
-92 -87 0
-94 -87 0
-95 -87 0
-97 -87 0
-89 -88 0
-90 -88 0
-92 -88 0
-93 -88 0
-95 -88 0
-96 -88 0
-90 -89 0
-91 -89 0
-92 -89 0
-93 -89 0
-94 -89 0
-95 -89 0
-96 -89 0
-97 -89 0
-98 -89 0
-99 -89 0
-100 -89 0
-91 -90 0
-92 -90 0
-93 -90 0
-94 -90 0
-95 -90 0
-96 -90 0
-97 -90 0
-98 -90 0
-99 -90 0
-100 -90 0
-92 -91 0
-93 -91 0
-94 -91 0
-95 -91 0
-96 -91 0
-97 -91 0
-98 -91 0
-99 -91 0
-100 -91 0
-93 -92 0
-94 -92 0
-95 -92 0
-96 -92 0
-97 -92 0
-98 -92 0
-99 -92 0
-100 -92 0
-94 -93 0
-95 -93 0
-96 -93 0
-97 -93 0
-98 -93 0
-99 -93 0
-100 -93 0
-95 -94 0
-96 -94 0
-97 -94 0
-98 -94 0
-99 -94 0
-100 -94 0
-96 -95 0
-97 -95 0
-98 -95 0
-99 -95 0
-100 -95 0
-97 -96 0
-98 -96 0
-99 -96 0
-100 -96 0
-98 -97 0
-99 -97 0
-100 -97 0
-99 -98 0
-100 -98 0
-100 -99 0
-101 -102 0
-101 103 0
-101 -104 0
-101 105 0
-101 22 0
-101 25 0
-101 24 0
-106 -102 0
-106 107 0
-106 -108 0
-106 105 0
-106 22 0
-106 25 0
-106 28 0
-109 -102 0
-109 110 0
-109 -111 0
-109 105 0
-109 22 0
-109 25 0
-109 31 0
-112 -103 0
-112 102 0
-112 -105 0
-112 104 0
-112 23 0
-112 25 0
-112 25 0
-113 -103 0
-113 107 0
-113 -108 0
-113 104 0
-113 23 0
-113 25 0
-113 28 0
-114 -103 0
-114 110 0
-114 -111 0
-114 104 0
-114 23 0
-114 25 0
-114 31 0
-115 -107 0
-115 102 0
-115 -105 0
-115 108 0
-115 27 0
-115 25 0
-115 25 0
-116 -107 0
-116 103 0
-116 -104 0
-116 108 0
-116 27 0
-116 25 0
-116 24 0
-117 -107 0
-117 110 0
-117 -111 0
-117 108 0
-117 27 0
-117 25 0
-117 31 0
-118 -110 0
-118 102 0
-118 -105 0
-118 111 0
-118 30 0
-118 25 0
-118 25 0
-119 -110 0
-119 103 0
-119 -104 0
-119 111 0
-119 30 0
-119 25 0
-119 24 0
-120 -110 0
-120 107 0
-120 -108 0
-120 111 0
-120 30 0
-120 25 0
-120 28 0
-121 -122 0
-121 123 0
-121 -104 0
-121 105 0
-121 42 0
-121 24 0
-121 24 0
-124 -122 0
-124 125 0
-124 -108 0
-124 105 0
-124 42 0
-124 24 0
-124 28 0
-126 -122 0
-126 127 0
-126 -111 0
-126 105 0
-126 42 0
-126 24 0
-126 31 0
-128 -123 0
-128 122 0
-128 -105 0
-128 104 0
-128 43 0
-128 24 0
-128 25 0
-129 -123 0
-129 125 0
-129 -108 0
-129 104 0
-129 43 0
-129 24 0
-129 28 0
-130 -123 0
-130 127 0
-130 -111 0
-130 104 0
-130 43 0
-130 24 0
-130 31 0
-131 -125 0
-131 122 0
-131 -105 0
-131 108 0
-131 45 0
-131 24 0
-131 25 0
-132 -125 0
-132 123 0
-132 -104 0
-132 108 0
-132 45 0
-132 24 0
-132 24 0
-133 -125 0
-133 127 0
-133 -111 0
-133 108 0
-133 45 0
-133 24 0
-133 31 0
-134 -127 0
-134 122 0
-134 -105 0
-134 111 0
-134 47 0
-134 24 0
-134 25 0
-135 -127 0
-135 123 0
-135 -104 0
-135 111 0
-135 47 0
-135 24 0
-135 24 0
-136 -127 0
-136 125 0
-136 -108 0
-136 111 0
-136 47 0
-136 24 0
-136 28 0
-137 -138 0
-137 139 0
-137 -104 0
-137 105 0
-137 58 0
-137 28 0
-137 24 0
-140 -138 0
-140 141 0
-140 -108 0
-140 105 0
-140 58 0
-140 28 0
-140 28 0
-142 -138 0
-142 143 0
-142 -111 0
-142 105 0
-142 58 0
-142 28 0
-142 31 0
-144 -139 0
-144 138 0
-144 -105 0
-144 104 0
-144 59 0
-144 28 0
-144 25 0
-145 -139 0
-145 141 0
-145 -108 0
-145 104 0
-145 59 0
-145 28 0
-145 28 0
-146 -139 0
-146 143 0
-146 -111 0
-146 104 0
-146 59 0
-146 28 0
-146 31 0
-147 -141 0
-147 138 0
-147 -105 0
-147 108 0
-147 61 0
-147 28 0
-147 25 0
-148 -141 0
-148 139 0
-148 -104 0
-148 108 0
-148 61 0
-148 28 0
-148 24 0
-149 -141 0
-149 143 0
-149 -111 0
-149 108 0
-149 61 0
-149 28 0
-149 31 0
-150 -143 0
-150 138 0
-150 -105 0
-150 111 0
-150 63 0
-150 28 0
-150 25 0
-151 -143 0
-151 139 0
-151 -104 0
-151 111 0
-151 63 0
-151 28 0
-151 24 0
-152 -143 0
-152 141 0
-152 -108 0
-152 111 0
-152 63 0
-152 28 0
-152 28 0
-153 -154 0
-153 155 0
-153 -104 0
-153 105 0
-153 74 0
-153 31 0
-153 24 0
-156 -154 0
-156 157 0
-156 -108 0
-156 105 0
-156 74 0
-156 31 0
-156 28 0
-158 -154 0
-158 159 0
-158 -111 0
-158 105 0
-158 74 0
-158 31 0
-158 31 0
-160 -155 0
-160 154 0
-160 -105 0
-160 104 0
-160 75 0
-160 31 0
-160 25 0
-161 -155 0
-161 157 0
-161 -108 0
-161 104 0
-161 75 0
-161 31 0
-161 28 0
-162 -155 0
-162 159 0
-162 -111 0
-162 104 0
-162 75 0
-162 31 0
-162 31 0
-163 -157 0
-163 154 0
-163 -105 0
-163 108 0
-163 77 0
-163 31 0
-163 25 0
-164 -157 0
-164 155 0
-164 -104 0
-164 108 0
-164 77 0
-164 31 0
-164 24 0
-165 -157 0
-165 159 0
-165 -111 0
-165 108 0
-165 77 0
-165 31 0
-165 31 0
-166 -159 0
-166 154 0
-166 -105 0
-166 111 0
-166 79 0
-166 31 0
-166 25 0
-167 -159 0
-167 155 0
-167 -104 0
-167 111 0
-167 79 0
-167 31 0
-167 24 0
-168 -159 0
-168 157 0
-168 -108 0
-168 111 0
-168 79 0
-168 31 0
-168 28 0
-169 -102 0
-169 110 0
-169 105 0
-169 22 0
-169 25 0
-170 -103 0
-170 110 0
-170 104 0
-170 23 0
-170 25 0
-171 -107 0
-171 110 0
-171 108 0
-171 27 0
-171 25 0
-172 -122 0
-172 127 0
-172 105 0
-172 42 0
-172 24 0
-173 -123 0
-173 127 0
-173 104 0
-173 43 0
-173 24 0
-174 -125 0
-174 127 0
-174 108 0
-174 45 0
-174 24 0
-175 -138 0
-175 143 0
-175 105 0
-175 58 0
-175 28 0
-176 -139 0
-176 143 0
-176 104 0
-176 59 0
-176 28 0
-177 -141 0
-177 143 0
-177 108 0
-177 61 0
-177 28 0
-178 -154 0
-178 159 0
-178 105 0
-178 74 0
-178 31 0
-179 -155 0
-179 159 0
-179 104 0
-179 75 0
-179 31 0
-180 -157 0
-180 159 0
-180 108 0
-180 77 0
-180 31 0
-101 27 -107 0
-101 -27 107 0
-101 30 -110 0
-101 -30 110 0
-101 42 -122 0
-101 -42 122 0
-101 43 -123 0
-101 -43 123 0
-101 45 -125 0
-101 -45 125 0
-101 47 -127 0
-101 -47 127 0
-101 58 -138 0
-101 -58 138 0
-101 59 -139 0
-101 -59 139 0
-101 61 -141 0
-101 -61 141 0
-101 63 -143 0
-101 -63 143 0
-101 74 -154 0
-101 -74 154 0
-101 75 -155 0
-101 -75 155 0
-101 77 -157 0
-101 -77 157 0
-101 79 -159 0
-101 -79 159 0
-101 28 -108 0
-101 -28 108 0
-101 31 -111 0
-101 -31 111 0
-106 23 -103 0
-106 -23 103 0
-106 30 -110 0
-106 -30 110 0
-106 42 -122 0
-106 -42 122 0
-106 43 -123 0
-106 -43 123 0
-106 45 -125 0
-106 -45 125 0
-106 47 -127 0
-106 -47 127 0
-106 58 -138 0
-106 -58 138 0
-106 59 -139 0
-106 -59 139 0
-106 61 -141 0
-106 -61 141 0
-106 63 -143 0
-106 -63 143 0
-106 74 -154 0
-106 -74 154 0
-106 75 -155 0
-106 -75 155 0
-106 77 -157 0
-106 -77 157 0
-106 79 -159 0
-106 -79 159 0
-106 24 -104 0
-106 -24 104 0
-106 31 -111 0
-106 -31 111 0
-109 23 -103 0
-109 -23 103 0
-109 27 -107 0
-109 -27 107 0
-109 42 -122 0
-109 -42 122 0
-109 43 -123 0
-109 -43 123 0
-109 45 -125 0
-109 -45 125 0
-109 47 -127 0
-109 -47 127 0
-109 58 -138 0
-109 -58 138 0
-109 59 -139 0
-109 -59 139 0
-109 61 -141 0
-109 -61 141 0
-109 63 -143 0
-109 -63 143 0
-109 74 -154 0
-109 -74 154 0
-109 75 -155 0
-109 -75 155 0
-109 77 -157 0
-109 -77 157 0
-109 79 -159 0
-109 -79 159 0
-109 24 -104 0
-109 -24 104 0
-109 28 -108 0
-109 -28 108 0
-112 27 -107 0
-112 -27 107 0
-112 30 -110 0
-112 -30 110 0
-112 42 -122 0
-112 -42 122 0
-112 43 -123 0
-112 -43 123 0
-112 45 -125 0
-112 -45 125 0
-112 47 -127 0
-112 -47 127 0
-112 58 -138 0
-112 -58 138 0
-112 59 -139 0
-112 -59 139 0
-112 61 -141 0
-112 -61 141 0
-112 63 -143 0
-112 -63 143 0
-112 74 -154 0
-112 -74 154 0
-112 75 -155 0
-112 -75 155 0
-112 77 -157 0
-112 -77 157 0
-112 79 -159 0
-112 -79 159 0
-112 28 -108 0
-112 -28 108 0
-112 31 -111 0
-112 -31 111 0
-113 22 -102 0
-113 -22 102 0
-113 30 -110 0
-113 -30 110 0
-113 42 -122 0
-113 -42 122 0
-113 43 -123 0
-113 -43 123 0
-113 45 -125 0
-113 -45 125 0
-113 47 -127 0
-113 -47 127 0
-113 58 -138 0
-113 -58 138 0
-113 59 -139 0
-113 -59 139 0
-113 61 -141 0
-113 -61 141 0
-113 63 -143 0
-113 -63 143 0
-113 74 -154 0
-113 -74 154 0
-113 75 -155 0
-113 -75 155 0
-113 77 -157 0
-113 -77 157 0
-113 79 -159 0
-113 -79 159 0
-113 25 -105 0
-113 -25 105 0
-113 31 -111 0
-113 -31 111 0
-114 22 -102 0
-114 -22 102 0
-114 27 -107 0
-114 -27 107 0
-114 42 -122 0
-114 -42 122 0
-114 43 -123 0
-114 -43 123 0
-114 45 -125 0
-114 -45 125 0
-114 47 -127 0
-114 -47 127 0
-114 58 -138 0
-114 -58 138 0
-114 59 -139 0
-114 -59 139 0
-114 61 -141 0
-114 -61 141 0
-114 63 -143 0
-114 -63 143 0
-114 74 -154 0
-114 -74 154 0
-114 75 -155 0
-114 -75 155 0
-114 77 -157 0
-114 -77 157 0
-114 79 -159 0
-114 -79 159 0
-114 25 -105 0
-114 -25 105 0
-114 28 -108 0
-114 -28 108 0
-115 23 -103 0
-115 -23 103 0
-115 30 -110 0
-115 -30 110 0
-115 42 -122 0
-115 -42 122 0
-115 43 -123 0
-115 -43 123 0
-115 45 -125 0
-115 -45 125 0
-115 47 -127 0
-115 -47 127 0
-115 58 -138 0
-115 -58 138 0
-115 59 -139 0
-115 -59 139 0
-115 61 -141 0
-115 -61 141 0
-115 63 -143 0
-115 -63 143 0
-115 74 -154 0
-115 -74 154 0
-115 75 -155 0
-115 -75 155 0
-115 77 -157 0
-115 -77 157 0
-115 79 -159 0
-115 -79 159 0
-115 24 -104 0
-115 -24 104 0
-115 31 -111 0
-115 -31 111 0
-116 22 -102 0
-116 -22 102 0
-116 30 -110 0
-116 -30 110 0
-116 42 -122 0
-116 -42 122 0
-116 43 -123 0
-116 -43 123 0
-116 45 -125 0
-116 -45 125 0
-116 47 -127 0
-116 -47 127 0
-116 58 -138 0
-116 -58 138 0
-116 59 -139 0
-116 -59 139 0
-116 61 -141 0
-116 -61 141 0
-116 63 -143 0
-116 -63 143 0
-116 74 -154 0
-116 -74 154 0
-116 75 -155 0
-116 -75 155 0
-116 77 -157 0
-116 -77 157 0
-116 79 -159 0
-116 -79 159 0
-116 25 -105 0
-116 -25 105 0
-116 31 -111 0
-116 -31 111 0
-117 22 -102 0
-117 -22 102 0
-117 23 -103 0
-117 -23 103 0
-117 42 -122 0
-117 -42 122 0
-117 43 -123 0
-117 -43 123 0
-117 45 -125 0
-117 -45 125 0
-117 47 -127 0
-117 -47 127 0
-117 58 -138 0
-117 -58 138 0
-117 59 -139 0
-117 -59 139 0
-117 61 -141 0
-117 -61 141 0
-117 63 -143 0
-117 -63 143 0
-117 74 -154 0
-117 -74 154 0
-117 75 -155 0
-117 -75 155 0
-117 77 -157 0
-117 -77 157 0
-117 79 -159 0
-117 -79 159 0
-117 25 -105 0
-117 -25 105 0
-117 24 -104 0
-117 -24 104 0
-118 23 -103 0
-118 -23 103 0
-118 27 -107 0
-118 -27 107 0
-118 42 -122 0
-118 -42 122 0
-118 43 -123 0
-118 -43 123 0
-118 45 -125 0
-118 -45 125 0
-118 47 -127 0
-118 -47 127 0
-118 58 -138 0
-118 -58 138 0
-118 59 -139 0
-118 -59 139 0
-118 61 -141 0
-118 -61 141 0
-118 63 -143 0
-118 -63 143 0
-118 74 -154 0
-118 -74 154 0
-118 75 -155 0
-118 -75 155 0
-118 77 -157 0
-118 -77 157 0
-118 79 -159 0
-118 -79 159 0
-118 24 -104 0
-118 -24 104 0
-118 28 -108 0
-118 -28 108 0
-119 22 -102 0
-119 -22 102 0
-119 27 -107 0
-119 -27 107 0
-119 42 -122 0
-119 -42 122 0
-119 43 -123 0
-119 -43 123 0
-119 45 -125 0
-119 -45 125 0
-119 47 -127 0
-119 -47 127 0
-119 58 -138 0
-119 -58 138 0
-119 59 -139 0
-119 -59 139 0
-119 61 -141 0
-119 -61 141 0
-119 63 -143 0
-119 -63 143 0
-119 74 -154 0
-119 -74 154 0
-119 75 -155 0
-119 -75 155 0
-119 77 -157 0
-119 -77 157 0
-119 79 -159 0
-119 -79 159 0
-119 25 -105 0
-119 -25 105 0
-119 28 -108 0
-119 -28 108 0
-120 22 -102 0
-120 -22 102 0
-120 23 -103 0
-120 -23 103 0
-120 42 -122 0
-120 -42 122 0
-120 43 -123 0
-120 -43 123 0
-120 45 -125 0
-120 -45 125 0
-120 47 -127 0
-120 -47 127 0
-120 58 -138 0
-120 -58 138 0
-120 59 -139 0
-120 -59 139 0
-120 61 -141 0
-120 -61 141 0
-120 63 -143 0
-120 -63 143 0
-120 74 -154 0
-120 -74 154 0
-120 75 -155 0
-120 -75 155 0
-120 77 -157 0
-120 -77 157 0
-120 79 -159 0
-120 -79 159 0
-120 25 -105 0
-120 -25 105 0
-120 24 -104 0
-120 -24 104 0
-121 22 -102 0
-121 -22 102 0
-121 23 -103 0
-121 -23 103 0
-121 27 -107 0
-121 -27 107 0
-121 30 -110 0
-121 -30 110 0
-121 45 -125 0
-121 -45 125 0
-121 47 -127 0
-121 -47 127 0
-121 58 -138 0
-121 -58 138 0
-121 59 -139 0
-121 -59 139 0
-121 61 -141 0
-121 -61 141 0
-121 63 -143 0
-121 -63 143 0
-121 74 -154 0
-121 -74 154 0
-121 75 -155 0
-121 -75 155 0
-121 77 -157 0
-121 -77 157 0
-121 79 -159 0
-121 -79 159 0
-121 28 -108 0
-121 -28 108 0
-121 31 -111 0
-121 -31 111 0
-124 22 -102 0
-124 -22 102 0
-124 23 -103 0
-124 -23 103 0
-124 27 -107 0
-124 -27 107 0
-124 30 -110 0
-124 -30 110 0
-124 43 -123 0
-124 -43 123 0
-124 47 -127 0
-124 -47 127 0
-124 58 -138 0
-124 -58 138 0
-124 59 -139 0
-124 -59 139 0
-124 61 -141 0
-124 -61 141 0
-124 63 -143 0
-124 -63 143 0
-124 74 -154 0
-124 -74 154 0
-124 75 -155 0
-124 -75 155 0
-124 77 -157 0
-124 -77 157 0
-124 79 -159 0
-124 -79 159 0
-124 24 -104 0
-124 -24 104 0
-124 31 -111 0
-124 -31 111 0
-126 22 -102 0
-126 -22 102 0
-126 23 -103 0
-126 -23 103 0
-126 27 -107 0
-126 -27 107 0
-126 30 -110 0
-126 -30 110 0
-126 43 -123 0
-126 -43 123 0
-126 45 -125 0
-126 -45 125 0
-126 58 -138 0
-126 -58 138 0
-126 59 -139 0
-126 -59 139 0
-126 61 -141 0
-126 -61 141 0
-126 63 -143 0
-126 -63 143 0
-126 74 -154 0
-126 -74 154 0
-126 75 -155 0
-126 -75 155 0
-126 77 -157 0
-126 -77 157 0
-126 79 -159 0
-126 -79 159 0
-126 24 -104 0
-126 -24 104 0
-126 28 -108 0
-126 -28 108 0
-128 22 -102 0
-128 -22 102 0
-128 23 -103 0
-128 -23 103 0
-128 27 -107 0
-128 -27 107 0
-128 30 -110 0
-128 -30 110 0
-128 45 -125 0
-128 -45 125 0
-128 47 -127 0
-128 -47 127 0
-128 58 -138 0
-128 -58 138 0
-128 59 -139 0
-128 -59 139 0
-128 61 -141 0
-128 -61 141 0
-128 63 -143 0
-128 -63 143 0
-128 74 -154 0
-128 -74 154 0
-128 75 -155 0
-128 -75 155 0
-128 77 -157 0
-128 -77 157 0
-128 79 -159 0
-128 -79 159 0
-128 28 -108 0
-128 -28 108 0
-128 31 -111 0
-128 -31 111 0
-129 22 -102 0
-129 -22 102 0
-129 23 -103 0
-129 -23 103 0
-129 27 -107 0
-129 -27 107 0
-129 30 -110 0
-129 -30 110 0
-129 42 -122 0
-129 -42 122 0
-129 47 -127 0
-129 -47 127 0
-129 58 -138 0
-129 -58 138 0
-129 59 -139 0
-129 -59 139 0
-129 61 -141 0
-129 -61 141 0
-129 63 -143 0
-129 -63 143 0
-129 74 -154 0
-129 -74 154 0
-129 75 -155 0
-129 -75 155 0
-129 77 -157 0
-129 -77 157 0
-129 79 -159 0
-129 -79 159 0
-129 25 -105 0
-129 -25 105 0
-129 31 -111 0
-129 -31 111 0
-130 22 -102 0
-130 -22 102 0
-130 23 -103 0
-130 -23 103 0
-130 27 -107 0
-130 -27 107 0
-130 30 -110 0
-130 -30 110 0
-130 42 -122 0
-130 -42 122 0
-130 45 -125 0
-130 -45 125 0
-130 58 -138 0
-130 -58 138 0
-130 59 -139 0
-130 -59 139 0
-130 61 -141 0
-130 -61 141 0
-130 63 -143 0
-130 -63 143 0
-130 74 -154 0
-130 -74 154 0
-130 75 -155 0
-130 -75 155 0
-130 77 -157 0
-130 -77 157 0
-130 79 -159 0
-130 -79 159 0
-130 25 -105 0
-130 -25 105 0
-130 28 -108 0
-130 -28 108 0
-131 22 -102 0
-131 -22 102 0
-131 23 -103 0
-131 -23 103 0
-131 27 -107 0
-131 -27 107 0
-131 30 -110 0
-131 -30 110 0
-131 43 -123 0
-131 -43 123 0
-131 47 -127 0
-131 -47 127 0
-131 58 -138 0
-131 -58 138 0
-131 59 -139 0
-131 -59 139 0
-131 61 -141 0
-131 -61 141 0
-131 63 -143 0
-131 -63 143 0
-131 74 -154 0
-131 -74 154 0
-131 75 -155 0
-131 -75 155 0
-131 77 -157 0
-131 -77 157 0
-131 79 -159 0
-131 -79 159 0
-131 24 -104 0
-131 -24 104 0
-131 31 -111 0
-131 -31 111 0
-132 22 -102 0
-132 -22 102 0
-132 23 -103 0
-132 -23 103 0
-132 27 -107 0
-132 -27 107 0
-132 30 -110 0
-132 -30 110 0
-132 42 -122 0
-132 -42 122 0
-132 47 -127 0
-132 -47 127 0
-132 58 -138 0
-132 -58 138 0
-132 59 -139 0
-132 -59 139 0
-132 61 -141 0
-132 -61 141 0
-132 63 -143 0
-132 -63 143 0
-132 74 -154 0
-132 -74 154 0
-132 75 -155 0
-132 -75 155 0
-132 77 -157 0
-132 -77 157 0
-132 79 -159 0
-132 -79 159 0
-132 25 -105 0
-132 -25 105 0
-132 31 -111 0
-132 -31 111 0
-133 22 -102 0
-133 -22 102 0
-133 23 -103 0
-133 -23 103 0
-133 27 -107 0
-133 -27 107 0
-133 30 -110 0
-133 -30 110 0
-133 42 -122 0
-133 -42 122 0
-133 43 -123 0
-133 -43 123 0
-133 58 -138 0
-133 -58 138 0
-133 59 -139 0
-133 -59 139 0
-133 61 -141 0
-133 -61 141 0
-133 63 -143 0
-133 -63 143 0
-133 74 -154 0
-133 -74 154 0
-133 75 -155 0
-133 -75 155 0
-133 77 -157 0
-133 -77 157 0
-133 79 -159 0
-133 -79 159 0
-133 25 -105 0
-133 -25 105 0
-133 24 -104 0
-133 -24 104 0
-134 22 -102 0
-134 -22 102 0
-134 23 -103 0
-134 -23 103 0
-134 27 -107 0
-134 -27 107 0
-134 30 -110 0
-134 -30 110 0
-134 43 -123 0
-134 -43 123 0
-134 45 -125 0
-134 -45 125 0
-134 58 -138 0
-134 -58 138 0
-134 59 -139 0
-134 -59 139 0
-134 61 -141 0
-134 -61 141 0
-134 63 -143 0
-134 -63 143 0
-134 74 -154 0
-134 -74 154 0
-134 75 -155 0
-134 -75 155 0
-134 77 -157 0
-134 -77 157 0
-134 79 -159 0
-134 -79 159 0
-134 24 -104 0
-134 -24 104 0
-134 28 -108 0
-134 -28 108 0
-135 22 -102 0
-135 -22 102 0
-135 23 -103 0
-135 -23 103 0
-135 27 -107 0
-135 -27 107 0
-135 30 -110 0
-135 -30 110 0
-135 42 -122 0
-135 -42 122 0
-135 45 -125 0
-135 -45 125 0
-135 58 -138 0
-135 -58 138 0
-135 59 -139 0
-135 -59 139 0
-135 61 -141 0
-135 -61 141 0
-135 63 -143 0
-135 -63 143 0
-135 74 -154 0
-135 -74 154 0
-135 75 -155 0
-135 -75 155 0
-135 77 -157 0
-135 -77 157 0
-135 79 -159 0
-135 -79 159 0
-135 25 -105 0
-135 -25 105 0
-135 28 -108 0
-135 -28 108 0
-136 22 -102 0
-136 -22 102 0
-136 23 -103 0
-136 -23 103 0
-136 27 -107 0
-136 -27 107 0
-136 30 -110 0
-136 -30 110 0
-136 42 -122 0
-136 -42 122 0
-136 43 -123 0
-136 -43 123 0
-136 58 -138 0
-136 -58 138 0
-136 59 -139 0
-136 -59 139 0
-136 61 -141 0
-136 -61 141 0
-136 63 -143 0
-136 -63 143 0
-136 74 -154 0
-136 -74 154 0
-136 75 -155 0
-136 -75 155 0
-136 77 -157 0
-136 -77 157 0
-136 79 -159 0
-136 -79 159 0
-136 25 -105 0
-136 -25 105 0
-136 24 -104 0
-136 -24 104 0
-137 22 -102 0
-137 -22 102 0
-137 23 -103 0
-137 -23 103 0
-137 27 -107 0
-137 -27 107 0
-137 30 -110 0
-137 -30 110 0
-137 42 -122 0
-137 -42 122 0
-137 43 -123 0
-137 -43 123 0
-137 45 -125 0
-137 -45 125 0
-137 47 -127 0
-137 -47 127 0
-137 61 -141 0
-137 -61 141 0
-137 63 -143 0
-137 -63 143 0
-137 74 -154 0
-137 -74 154 0
-137 75 -155 0
-137 -75 155 0
-137 77 -157 0
-137 -77 157 0
-137 79 -159 0
-137 -79 159 0
-137 28 -108 0
-137 -28 108 0
-137 31 -111 0
-137 -31 111 0
-140 22 -102 0
-140 -22 102 0
-140 23 -103 0
-140 -23 103 0
-140 27 -107 0
-140 -27 107 0
-140 30 -110 0
-140 -30 110 0
-140 42 -122 0
-140 -42 122 0
-140 43 -123 0
-140 -43 123 0
-140 45 -125 0
-140 -45 125 0
-140 47 -127 0
-140 -47 127 0
-140 59 -139 0
-140 -59 139 0
-140 63 -143 0
-140 -63 143 0
-140 74 -154 0
-140 -74 154 0
-140 75 -155 0
-140 -75 155 0
-140 77 -157 0
-140 -77 157 0
-140 79 -159 0
-140 -79 159 0
-140 24 -104 0
-140 -24 104 0
-140 31 -111 0
-140 -31 111 0
-142 22 -102 0
-142 -22 102 0
-142 23 -103 0
-142 -23 103 0
-142 27 -107 0
-142 -27 107 0
-142 30 -110 0
-142 -30 110 0
-142 42 -122 0
-142 -42 122 0
-142 43 -123 0
-142 -43 123 0
-142 45 -125 0
-142 -45 125 0
-142 47 -127 0
-142 -47 127 0
-142 59 -139 0
-142 -59 139 0
-142 61 -141 0
-142 -61 141 0
-142 74 -154 0
-142 -74 154 0
-142 75 -155 0
-142 -75 155 0
-142 77 -157 0
-142 -77 157 0
-142 79 -159 0
-142 -79 159 0
-142 24 -104 0
-142 -24 104 0
-142 28 -108 0
-142 -28 108 0
-144 22 -102 0
-144 -22 102 0
-144 23 -103 0
-144 -23 103 0
-144 27 -107 0
-144 -27 107 0
-144 30 -110 0
-144 -30 110 0
-144 42 -122 0
-144 -42 122 0
-144 43 -123 0
-144 -43 123 0
-144 45 -125 0
-144 -45 125 0
-144 47 -127 0
-144 -47 127 0
-144 61 -141 0
-144 -61 141 0
-144 63 -143 0
-144 -63 143 0
-144 74 -154 0
-144 -74 154 0
-144 75 -155 0
-144 -75 155 0
-144 77 -157 0
-144 -77 157 0
-144 79 -159 0
-144 -79 159 0
-144 28 -108 0
-144 -28 108 0
-144 31 -111 0
-144 -31 111 0
-145 22 -102 0
-145 -22 102 0
-145 23 -103 0
-145 -23 103 0
-145 27 -107 0
-145 -27 107 0
-145 30 -110 0
-145 -30 110 0
-145 42 -122 0
-145 -42 122 0
-145 43 -123 0
-145 -43 123 0
-145 45 -125 0
-145 -45 125 0
-145 47 -127 0
-145 -47 127 0
-145 58 -138 0
-145 -58 138 0
-145 63 -143 0
-145 -63 143 0
-145 74 -154 0
-145 -74 154 0
-145 75 -155 0
-145 -75 155 0
-145 77 -157 0
-145 -77 157 0
-145 79 -159 0
-145 -79 159 0
-145 25 -105 0
-145 -25 105 0
-145 31 -111 0
-145 -31 111 0
-146 22 -102 0
-146 -22 102 0
-146 23 -103 0
-146 -23 103 0
-146 27 -107 0
-146 -27 107 0
-146 30 -110 0
-146 -30 110 0
-146 42 -122 0
-146 -42 122 0
-146 43 -123 0
-146 -43 123 0
-146 45 -125 0
-146 -45 125 0
-146 47 -127 0
-146 -47 127 0
-146 58 -138 0
-146 -58 138 0
-146 61 -141 0
-146 -61 141 0
-146 74 -154 0
-146 -74 154 0
-146 75 -155 0
-146 -75 155 0
-146 77 -157 0
-146 -77 157 0
-146 79 -159 0
-146 -79 159 0
-146 25 -105 0
-146 -25 105 0
-146 28 -108 0
-146 -28 108 0
-147 22 -102 0
-147 -22 102 0
-147 23 -103 0
-147 -23 103 0
-147 27 -107 0
-147 -27 107 0
-147 30 -110 0
-147 -30 110 0
-147 42 -122 0
-147 -42 122 0
-147 43 -123 0
-147 -43 123 0
-147 45 -125 0
-147 -45 125 0
-147 47 -127 0
-147 -47 127 0
-147 59 -139 0
-147 -59 139 0
-147 63 -143 0
-147 -63 143 0
-147 74 -154 0
-147 -74 154 0
-147 75 -155 0
-147 -75 155 0
-147 77 -157 0
-147 -77 157 0
-147 79 -159 0
-147 -79 159 0
-147 24 -104 0
-147 -24 104 0
-147 31 -111 0
-147 -31 111 0
-148 22 -102 0
-148 -22 102 0
-148 23 -103 0
-148 -23 103 0
-148 27 -107 0
-148 -27 107 0
-148 30 -110 0
-148 -30 110 0
-148 42 -122 0
-148 -42 122 0
-148 43 -123 0
-148 -43 123 0
-148 45 -125 0
-148 -45 125 0
-148 47 -127 0
-148 -47 127 0
-148 58 -138 0
-148 -58 138 0
-148 63 -143 0
-148 -63 143 0
-148 74 -154 0
-148 -74 154 0
-148 75 -155 0
-148 -75 155 0
-148 77 -157 0
-148 -77 157 0
-148 79 -159 0
-148 -79 159 0
-148 25 -105 0
-148 -25 105 0
-148 31 -111 0
-148 -31 111 0
-149 22 -102 0
-149 -22 102 0
-149 23 -103 0
-149 -23 103 0
-149 27 -107 0
-149 -27 107 0
-149 30 -110 0
-149 -30 110 0
-149 42 -122 0
-149 -42 122 0
-149 43 -123 0
-149 -43 123 0
-149 45 -125 0
-149 -45 125 0
-149 47 -127 0
-149 -47 127 0
-149 58 -138 0
-149 -58 138 0
-149 59 -139 0
-149 -59 139 0
-149 74 -154 0
-149 -74 154 0
-149 75 -155 0
-149 -75 155 0
-149 77 -157 0
-149 -77 157 0
-149 79 -159 0
-149 -79 159 0
-149 25 -105 0
-149 -25 105 0
-149 24 -104 0
-149 -24 104 0
-150 22 -102 0
-150 -22 102 0
-150 23 -103 0
-150 -23 103 0
-150 27 -107 0
-150 -27 107 0
-150 30 -110 0
-150 -30 110 0
-150 42 -122 0
-150 -42 122 0
-150 43 -123 0
-150 -43 123 0
-150 45 -125 0
-150 -45 125 0
-150 47 -127 0
-150 -47 127 0
-150 59 -139 0
-150 -59 139 0
-150 61 -141 0
-150 -61 141 0
-150 74 -154 0
-150 -74 154 0
-150 75 -155 0
-150 -75 155 0
-150 77 -157 0
-150 -77 157 0
-150 79 -159 0
-150 -79 159 0
-150 24 -104 0
-150 -24 104 0
-150 28 -108 0
-150 -28 108 0
-151 22 -102 0
-151 -22 102 0
-151 23 -103 0
-151 -23 103 0
-151 27 -107 0
-151 -27 107 0
-151 30 -110 0
-151 -30 110 0
-151 42 -122 0
-151 -42 122 0
-151 43 -123 0
-151 -43 123 0
-151 45 -125 0
-151 -45 125 0
-151 47 -127 0
-151 -47 127 0
-151 58 -138 0
-151 -58 138 0
-151 61 -141 0
-151 -61 141 0
-151 74 -154 0
-151 -74 154 0
-151 75 -155 0
-151 -75 155 0
-151 77 -157 0
-151 -77 157 0
-151 79 -159 0
-151 -79 159 0
-151 25 -105 0
-151 -25 105 0
-151 28 -108 0
-151 -28 108 0
-152 22 -102 0
-152 -22 102 0
-152 23 -103 0
-152 -23 103 0
-152 27 -107 0
-152 -27 107 0
-152 30 -110 0
-152 -30 110 0
-152 42 -122 0
-152 -42 122 0
-152 43 -123 0
-152 -43 123 0
-152 45 -125 0
-152 -45 125 0
-152 47 -127 0
-152 -47 127 0
-152 58 -138 0
-152 -58 138 0
-152 59 -139 0
-152 -59 139 0
-152 74 -154 0
-152 -74 154 0
-152 75 -155 0
-152 -75 155 0
-152 77 -157 0
-152 -77 157 0
-152 79 -159 0
-152 -79 159 0
-152 25 -105 0
-152 -25 105 0
-152 24 -104 0
-152 -24 104 0
-153 22 -102 0
-153 -22 102 0
-153 23 -103 0
-153 -23 103 0
-153 27 -107 0
-153 -27 107 0
-153 30 -110 0
-153 -30 110 0
-153 42 -122 0
-153 -42 122 0
-153 43 -123 0
-153 -43 123 0
-153 45 -125 0
-153 -45 125 0
-153 47 -127 0
-153 -47 127 0
-153 58 -138 0
-153 -58 138 0
-153 59 -139 0
-153 -59 139 0
-153 61 -141 0
-153 -61 141 0
-153 63 -143 0
-153 -63 143 0
-153 77 -157 0
-153 -77 157 0
-153 79 -159 0
-153 -79 159 0
-153 28 -108 0
-153 -28 108 0
-153 31 -111 0
-153 -31 111 0
-156 22 -102 0
-156 -22 102 0
-156 23 -103 0
-156 -23 103 0
-156 27 -107 0
-156 -27 107 0
-156 30 -110 0
-156 -30 110 0
-156 42 -122 0
-156 -42 122 0
-156 43 -123 0
-156 -43 123 0
-156 45 -125 0
-156 -45 125 0
-156 47 -127 0
-156 -47 127 0
-156 58 -138 0
-156 -58 138 0
-156 59 -139 0
-156 -59 139 0
-156 61 -141 0
-156 -61 141 0
-156 63 -143 0
-156 -63 143 0
-156 75 -155 0
-156 -75 155 0
-156 79 -159 0
-156 -79 159 0
-156 24 -104 0
-156 -24 104 0
-156 31 -111 0
-156 -31 111 0
-158 22 -102 0
-158 -22 102 0
-158 23 -103 0
-158 -23 103 0
-158 27 -107 0
-158 -27 107 0
-158 30 -110 0
-158 -30 110 0
-158 42 -122 0
-158 -42 122 0
-158 43 -123 0
-158 -43 123 0
-158 45 -125 0
-158 -45 125 0
-158 47 -127 0
-158 -47 127 0
-158 58 -138 0
-158 -58 138 0
-158 59 -139 0
-158 -59 139 0
-158 61 -141 0
-158 -61 141 0
-158 63 -143 0
-158 -63 143 0
-158 75 -155 0
-158 -75 155 0
-158 77 -157 0
-158 -77 157 0
-158 24 -104 0
-158 -24 104 0
-158 28 -108 0
-158 -28 108 0
-160 22 -102 0
-160 -22 102 0
-160 23 -103 0
-160 -23 103 0
-160 27 -107 0
-160 -27 107 0
-160 30 -110 0
-160 -30 110 0
-160 42 -122 0
-160 -42 122 0
-160 43 -123 0
-160 -43 123 0
-160 45 -125 0
-160 -45 125 0
-160 47 -127 0
-160 -47 127 0
-160 58 -138 0
-160 -58 138 0
-160 59 -139 0
-160 -59 139 0
-160 61 -141 0
-160 -61 141 0
-160 63 -143 0
-160 -63 143 0
-160 77 -157 0
-160 -77 157 0
-160 79 -159 0
-160 -79 159 0
-160 28 -108 0
-160 -28 108 0
-160 31 -111 0
-160 -31 111 0
-161 22 -102 0
-161 -22 102 0
-161 23 -103 0
-161 -23 103 0
-161 27 -107 0
-161 -27 107 0
-161 30 -110 0
-161 -30 110 0
-161 42 -122 0
-161 -42 122 0
-161 43 -123 0
-161 -43 123 0
-161 45 -125 0
-161 -45 125 0
-161 47 -127 0
-161 -47 127 0
-161 58 -138 0
-161 -58 138 0
-161 59 -139 0
-161 -59 139 0
-161 61 -141 0
-161 -61 141 0
-161 63 -143 0
-161 -63 143 0
-161 74 -154 0
-161 -74 154 0
-161 79 -159 0
-161 -79 159 0
-161 25 -105 0
-161 -25 105 0
-161 31 -111 0
-161 -31 111 0
-162 22 -102 0
-162 -22 102 0
-162 23 -103 0
-162 -23 103 0
-162 27 -107 0
-162 -27 107 0
-162 30 -110 0
-162 -30 110 0
-162 42 -122 0
-162 -42 122 0
-162 43 -123 0
-162 -43 123 0
-162 45 -125 0
-162 -45 125 0
-162 47 -127 0
-162 -47 127 0
-162 58 -138 0
-162 -58 138 0
-162 59 -139 0
-162 -59 139 0
-162 61 -141 0
-162 -61 141 0
-162 63 -143 0
-162 -63 143 0
-162 74 -154 0
-162 -74 154 0
-162 77 -157 0
-162 -77 157 0
-162 25 -105 0
-162 -25 105 0
-162 28 -108 0
-162 -28 108 0
-163 22 -102 0
-163 -22 102 0
-163 23 -103 0
-163 -23 103 0
-163 27 -107 0
-163 -27 107 0
-163 30 -110 0
-163 -30 110 0
-163 42 -122 0
-163 -42 122 0
-163 43 -123 0
-163 -43 123 0
-163 45 -125 0
-163 -45 125 0
-163 47 -127 0
-163 -47 127 0
-163 58 -138 0
-163 -58 138 0
-163 59 -139 0
-163 -59 139 0
-163 61 -141 0
-163 -61 141 0
-163 63 -143 0
-163 -63 143 0
-163 75 -155 0
-163 -75 155 0
-163 79 -159 0
-163 -79 159 0
-163 24 -104 0
-163 -24 104 0
-163 31 -111 0
-163 -31 111 0
-164 22 -102 0
-164 -22 102 0
-164 23 -103 0
-164 -23 103 0
-164 27 -107 0
-164 -27 107 0
-164 30 -110 0
-164 -30 110 0
-164 42 -122 0
-164 -42 122 0
-164 43 -123 0
-164 -43 123 0
-164 45 -125 0
-164 -45 125 0
-164 47 -127 0
-164 -47 127 0
-164 58 -138 0
-164 -58 138 0
-164 59 -139 0
-164 -59 139 0
-164 61 -141 0
-164 -61 141 0
-164 63 -143 0
-164 -63 143 0
-164 74 -154 0
-164 -74 154 0
-164 79 -159 0
-164 -79 159 0
-164 25 -105 0
-164 -25 105 0
-164 31 -111 0
-164 -31 111 0
-165 22 -102 0
-165 -22 102 0
-165 23 -103 0
-165 -23 103 0
-165 27 -107 0
-165 -27 107 0
-165 30 -110 0
-165 -30 110 0
-165 42 -122 0
-165 -42 122 0
-165 43 -123 0
-165 -43 123 0
-165 45 -125 0
-165 -45 125 0
-165 47 -127 0
-165 -47 127 0
-165 58 -138 0
-165 -58 138 0
-165 59 -139 0
-165 -59 139 0
-165 61 -141 0
-165 -61 141 0
-165 63 -143 0
-165 -63 143 0
-165 74 -154 0
-165 -74 154 0
-165 75 -155 0
-165 -75 155 0
-165 25 -105 0
-165 -25 105 0
-165 24 -104 0
-165 -24 104 0
-166 22 -102 0
-166 -22 102 0
-166 23 -103 0
-166 -23 103 0
-166 27 -107 0
-166 -27 107 0
-166 30 -110 0
-166 -30 110 0
-166 42 -122 0
-166 -42 122 0
-166 43 -123 0
-166 -43 123 0
-166 45 -125 0
-166 -45 125 0
-166 47 -127 0
-166 -47 127 0
-166 58 -138 0
-166 -58 138 0
-166 59 -139 0
-166 -59 139 0
-166 61 -141 0
-166 -61 141 0
-166 63 -143 0
-166 -63 143 0
-166 75 -155 0
-166 -75 155 0
-166 77 -157 0
-166 -77 157 0
-166 24 -104 0
-166 -24 104 0
-166 28 -108 0
-166 -28 108 0
-167 22 -102 0
-167 -22 102 0
-167 23 -103 0
-167 -23 103 0
-167 27 -107 0
-167 -27 107 0
-167 30 -110 0
-167 -30 110 0
-167 42 -122 0
-167 -42 122 0
-167 43 -123 0
-167 -43 123 0
-167 45 -125 0
-167 -45 125 0
-167 47 -127 0
-167 -47 127 0
-167 58 -138 0
-167 -58 138 0
-167 59 -139 0
-167 -59 139 0
-167 61 -141 0
-167 -61 141 0
-167 63 -143 0
-167 -63 143 0
-167 74 -154 0
-167 -74 154 0
-167 77 -157 0
-167 -77 157 0
-167 25 -105 0
-167 -25 105 0
-167 28 -108 0
-167 -28 108 0
-168 22 -102 0
-168 -22 102 0
-168 23 -103 0
-168 -23 103 0
-168 27 -107 0
-168 -27 107 0
-168 30 -110 0
-168 -30 110 0
-168 42 -122 0
-168 -42 122 0
-168 43 -123 0
-168 -43 123 0
-168 45 -125 0
-168 -45 125 0
-168 47 -127 0
-168 -47 127 0
-168 58 -138 0
-168 -58 138 0
-168 59 -139 0
-168 -59 139 0
-168 61 -141 0
-168 -61 141 0
-168 63 -143 0
-168 -63 143 0
-168 74 -154 0
-168 -74 154 0
-168 75 -155 0
-168 -75 155 0
-168 25 -105 0
-168 -25 105 0
-168 24 -104 0
-168 -24 104 0
-169 23 -103 0
-169 -23 103 0
-169 27 -107 0
-169 -27 107 0
-169 42 -122 0
-169 -42 122 0
-169 43 -123 0
-169 -43 123 0
-169 45 -125 0
-169 -45 125 0
-169 47 -127 0
-169 -47 127 0
-169 58 -138 0
-169 -58 138 0
-169 59 -139 0
-169 -59 139 0
-169 61 -141 0
-169 -61 141 0
-169 63 -143 0
-169 -63 143 0
-169 74 -154 0
-169 -74 154 0
-169 75 -155 0
-169 -75 155 0
-169 77 -157 0
-169 -77 157 0
-169 79 -159 0
-169 -79 159 0
-169 24 -104 0
-169 -24 104 0
-169 28 -108 0
-169 -28 108 0
-169 31 -111 0
-169 -31 111 0
-170 22 -102 0
-170 -22 102 0
-170 27 -107 0
-170 -27 107 0
-170 42 -122 0
-170 -42 122 0
-170 43 -123 0
-170 -43 123 0
-170 45 -125 0
-170 -45 125 0
-170 47 -127 0
-170 -47 127 0
-170 58 -138 0
-170 -58 138 0
-170 59 -139 0
-170 -59 139 0
-170 61 -141 0
-170 -61 141 0
-170 63 -143 0
-170 -63 143 0
-170 74 -154 0
-170 -74 154 0
-170 75 -155 0
-170 -75 155 0
-170 77 -157 0
-170 -77 157 0
-170 79 -159 0
-170 -79 159 0
-170 25 -105 0
-170 -25 105 0
-170 28 -108 0
-170 -28 108 0
-170 31 -111 0
-170 -31 111 0
-171 22 -102 0
-171 -22 102 0
-171 23 -103 0
-171 -23 103 0
-171 42 -122 0
-171 -42 122 0
-171 43 -123 0
-171 -43 123 0
-171 45 -125 0
-171 -45 125 0
-171 47 -127 0
-171 -47 127 0
-171 58 -138 0
-171 -58 138 0
-171 59 -139 0
-171 -59 139 0
-171 61 -141 0
-171 -61 141 0
-171 63 -143 0
-171 -63 143 0
-171 74 -154 0
-171 -74 154 0
-171 75 -155 0
-171 -75 155 0
-171 77 -157 0
-171 -77 157 0
-171 79 -159 0
-171 -79 159 0
-171 25 -105 0
-171 -25 105 0
-171 24 -104 0
-171 -24 104 0
-171 31 -111 0
-171 -31 111 0
-172 22 -102 0
-172 -22 102 0
-172 23 -103 0
-172 -23 103 0
-172 27 -107 0
-172 -27 107 0
-172 30 -110 0
-172 -30 110 0
-172 43 -123 0
-172 -43 123 0
-172 45 -125 0
-172 -45 125 0
-172 58 -138 0
-172 -58 138 0
-172 59 -139 0
-172 -59 139 0
-172 61 -141 0
-172 -61 141 0
-172 63 -143 0
-172 -63 143 0
-172 74 -154 0
-172 -74 154 0
-172 75 -155 0
-172 -75 155 0
-172 77 -157 0
-172 -77 157 0
-172 79 -159 0
-172 -79 159 0
-172 24 -104 0
-172 -24 104 0
-172 28 -108 0
-172 -28 108 0
-172 31 -111 0
-172 -31 111 0
-173 22 -102 0
-173 -22 102 0
-173 23 -103 0
-173 -23 103 0
-173 27 -107 0
-173 -27 107 0
-173 30 -110 0
-173 -30 110 0
-173 42 -122 0
-173 -42 122 0
-173 45 -125 0
-173 -45 125 0
-173 58 -138 0
-173 -58 138 0
-173 59 -139 0
-173 -59 139 0
-173 61 -141 0
-173 -61 141 0
-173 63 -143 0
-173 -63 143 0
-173 74 -154 0
-173 -74 154 0
-173 75 -155 0
-173 -75 155 0
-173 77 -157 0
-173 -77 157 0
-173 79 -159 0
-173 -79 159 0
-173 25 -105 0
-173 -25 105 0
-173 28 -108 0
-173 -28 108 0
-173 31 -111 0
-173 -31 111 0
-174 22 -102 0
-174 -22 102 0
-174 23 -103 0
-174 -23 103 0
-174 27 -107 0
-174 -27 107 0
-174 30 -110 0
-174 -30 110 0
-174 42 -122 0
-174 -42 122 0
-174 43 -123 0
-174 -43 123 0
-174 58 -138 0
-174 -58 138 0
-174 59 -139 0
-174 -59 139 0
-174 61 -141 0
-174 -61 141 0
-174 63 -143 0
-174 -63 143 0
-174 74 -154 0
-174 -74 154 0
-174 75 -155 0
-174 -75 155 0
-174 77 -157 0
-174 -77 157 0
-174 79 -159 0
-174 -79 159 0
-174 25 -105 0
-174 -25 105 0
-174 24 -104 0
-174 -24 104 0
-174 31 -111 0
-174 -31 111 0
-175 22 -102 0
-175 -22 102 0
-175 23 -103 0
-175 -23 103 0
-175 27 -107 0
-175 -27 107 0
-175 30 -110 0
-175 -30 110 0
-175 42 -122 0
-175 -42 122 0
-175 43 -123 0
-175 -43 123 0
-175 45 -125 0
-175 -45 125 0
-175 47 -127 0
-175 -47 127 0
-175 59 -139 0
-175 -59 139 0
-175 61 -141 0
-175 -61 141 0
-175 74 -154 0
-175 -74 154 0
-175 75 -155 0
-175 -75 155 0
-175 77 -157 0
-175 -77 157 0
-175 79 -159 0
-175 -79 159 0
-175 24 -104 0
-175 -24 104 0
-175 28 -108 0
-175 -28 108 0
-175 31 -111 0
-175 -31 111 0
-176 22 -102 0
-176 -22 102 0
-176 23 -103 0
-176 -23 103 0
-176 27 -107 0
-176 -27 107 0
-176 30 -110 0
-176 -30 110 0
-176 42 -122 0
-176 -42 122 0
-176 43 -123 0
-176 -43 123 0
-176 45 -125 0
-176 -45 125 0
-176 47 -127 0
-176 -47 127 0
-176 58 -138 0
-176 -58 138 0
-176 61 -141 0
-176 -61 141 0
-176 74 -154 0
-176 -74 154 0
-176 75 -155 0
-176 -75 155 0
-176 77 -157 0
-176 -77 157 0
-176 79 -159 0
-176 -79 159 0
-176 25 -105 0
-176 -25 105 0
-176 28 -108 0
-176 -28 108 0
-176 31 -111 0
-176 -31 111 0
-177 22 -102 0
-177 -22 102 0
-177 23 -103 0
-177 -23 103 0
-177 27 -107 0
-177 -27 107 0
-177 30 -110 0
-177 -30 110 0
-177 42 -122 0
-177 -42 122 0
-177 43 -123 0
-177 -43 123 0
-177 45 -125 0
-177 -45 125 0
-177 47 -127 0
-177 -47 127 0
-177 58 -138 0
-177 -58 138 0
-177 59 -139 0
-177 -59 139 0
-177 74 -154 0
-177 -74 154 0
-177 75 -155 0
-177 -75 155 0
-177 77 -157 0
-177 -77 157 0
-177 79 -159 0
-177 -79 159 0
-177 25 -105 0
-177 -25 105 0
-177 24 -104 0
-177 -24 104 0
-177 31 -111 0
-177 -31 111 0
-178 22 -102 0
-178 -22 102 0
-178 23 -103 0
-178 -23 103 0
-178 27 -107 0
-178 -27 107 0
-178 30 -110 0
-178 -30 110 0
-178 42 -122 0
-178 -42 122 0
-178 43 -123 0
-178 -43 123 0
-178 45 -125 0
-178 -45 125 0
-178 47 -127 0
-178 -47 127 0
-178 58 -138 0
-178 -58 138 0
-178 59 -139 0
-178 -59 139 0
-178 61 -141 0
-178 -61 141 0
-178 63 -143 0
-178 -63 143 0
-178 75 -155 0
-178 -75 155 0
-178 77 -157 0
-178 -77 157 0
-178 24 -104 0
-178 -24 104 0
-178 28 -108 0
-178 -28 108 0
-178 31 -111 0
-178 -31 111 0
-179 22 -102 0
-179 -22 102 0
-179 23 -103 0
-179 -23 103 0
-179 27 -107 0
-179 -27 107 0
-179 30 -110 0
-179 -30 110 0
-179 42 -122 0
-179 -42 122 0
-179 43 -123 0
-179 -43 123 0
-179 45 -125 0
-179 -45 125 0
-179 47 -127 0
-179 -47 127 0
-179 58 -138 0
-179 -58 138 0
-179 59 -139 0
-179 -59 139 0
-179 61 -141 0
-179 -61 141 0
-179 63 -143 0
-179 -63 143 0
-179 74 -154 0
-179 -74 154 0
-179 77 -157 0
-179 -77 157 0
-179 25 -105 0
-179 -25 105 0
-179 28 -108 0
-179 -28 108 0
-179 31 -111 0
-179 -31 111 0
-180 22 -102 0
-180 -22 102 0
-180 23 -103 0
-180 -23 103 0
-180 27 -107 0
-180 -27 107 0
-180 30 -110 0
-180 -30 110 0
-180 42 -122 0
-180 -42 122 0
-180 43 -123 0
-180 -43 123 0
-180 45 -125 0
-180 -45 125 0
-180 47 -127 0
-180 -47 127 0
-180 58 -138 0
-180 -58 138 0
-180 59 -139 0
-180 -59 139 0
-180 61 -141 0
-180 -61 141 0
-180 63 -143 0
-180 -63 143 0
-180 74 -154 0
-180 -74 154 0
-180 75 -155 0
-180 -75 155 0
-180 25 -105 0
-180 -25 105 0
-180 24 -104 0
-180 -24 104 0
-180 31 -111 0
-180 -31 111 0
101 106 109 112 113 114 115 116 117 118 119 120 121 124 126 128 129 130 131 132 133 134 135 136 137 140 142 144 145 146 147 148 149 150 151 152 153 156 158 160 161 162 163 164 165 166 167 168 169 170 171 172 173 174 175 176 177 178 179 180 0
-106 -101 0
-109 -101 0
-116 -101 0
-117 -101 0
-119 -101 0
-120 -101 0
-121 -101 0
-124 -101 0
-126 -101 0
-132 -101 0
-133 -101 0
-135 -101 0
-136 -101 0
-137 -101 0
-140 -101 0
-142 -101 0
-148 -101 0
-149 -101 0
-151 -101 0
-152 -101 0
-153 -101 0
-156 -101 0
-158 -101 0
-164 -101 0
-165 -101 0
-167 -101 0
-168 -101 0
-169 -101 0
-171 -101 0
-172 -101 0
-174 -101 0
-175 -101 0
-177 -101 0
-178 -101 0
-180 -101 0
-109 -106 0
-113 -106 0
-114 -106 0
-119 -106 0
-120 -106 0
-121 -106 0
-124 -106 0
-126 -106 0
-129 -106 0
-130 -106 0
-135 -106 0
-136 -106 0
-137 -106 0
-140 -106 0
-142 -106 0
-145 -106 0
-146 -106 0
-151 -106 0
-152 -106 0
-153 -106 0
-156 -106 0
-158 -106 0
-161 -106 0
-162 -106 0
-167 -106 0
-168 -106 0
-169 -106 0
-170 -106 0
-172 -106 0
-173 -106 0
-175 -106 0
-176 -106 0
-178 -106 0
-179 -106 0
-113 -109 0
-114 -109 0
-116 -109 0
-117 -109 0
-121 -109 0
-124 -109 0
-126 -109 0
-129 -109 0
-130 -109 0
-132 -109 0
-133 -109 0
-137 -109 0
-140 -109 0
-142 -109 0
-145 -109 0
-146 -109 0
-148 -109 0
-149 -109 0
-153 -109 0
-156 -109 0
-158 -109 0
-161 -109 0
-162 -109 0
-164 -109 0
-165 -109 0
-169 -109 0
-170 -109 0
-171 -109 0
-172 -109 0
-173 -109 0
-174 -109 0
-175 -109 0
-176 -109 0
-177 -109 0
-178 -109 0
-179 -109 0
-180 -109 0
-113 -112 0
-114 -112 0
-115 -112 0
-117 -112 0
-118 -112 0
-120 -112 0
-128 -112 0
-129 -112 0
-130 -112 0
-131 -112 0
-133 -112 0
-134 -112 0
-136 -112 0
-144 -112 0
-145 -112 0
-146 -112 0
-147 -112 0
-149 -112 0
-150 -112 0
-152 -112 0
-160 -112 0
-161 -112 0
-162 -112 0
-163 -112 0
-165 -112 0
-166 -112 0
-168 -112 0
-170 -112 0
-171 -112 0
-173 -112 0
-174 -112 0
-176 -112 0
-177 -112 0
-179 -112 0
-180 -112 0
-114 -113 0
-118 -113 0
-120 -113 0
-124 -113 0
-126 -113 0
-128 -113 0
-129 -113 0
-130 -113 0
-134 -113 0
-136 -113 0
-140 -113 0
-142 -113 0
-144 -113 0
-145 -113 0
-146 -113 0
-150 -113 0
-152 -113 0
-156 -113 0
-158 -113 0
-160 -113 0
-161 -113 0
-162 -113 0
-166 -113 0
-168 -113 0
-169 -113 0
-170 -113 0
-172 -113 0
-173 -113 0
-175 -113 0
-176 -113 0
-178 -113 0
-179 -113 0
-115 -114 0
-117 -114 0
-124 -114 0
-126 -114 0
-128 -114 0
-129 -114 0
-130 -114 0
-131 -114 0
-133 -114 0
-140 -114 0
-142 -114 0
-144 -114 0
-145 -114 0
-146 -114 0
-147 -114 0
-149 -114 0
-156 -114 0
-158 -114 0
-160 -114 0
-161 -114 0
-162 -114 0
-163 -114 0
-165 -114 0
-169 -114 0
-170 -114 0
-171 -114 0
-172 -114 0
-173 -114 0
-174 -114 0
-175 -114 0
-176 -114 0
-177 -114 0
-178 -114 0
-179 -114 0
-180 -114 0
-116 -115 0
-117 -115 0
-118 -115 0
-119 -115 0
-128 -115 0
-130 -115 0
-131 -115 0
-132 -115 0
-133 -115 0
-134 -115 0
-135 -115 0
-144 -115 0
-146 -115 0
-147 -115 0
-148 -115 0
-149 -115 0
-150 -115 0
-151 -115 0
-160 -115 0
-162 -115 0
-163 -115 0
-164 -115 0
-165 -115 0
-166 -115 0
-167 -115 0
-170 -115 0
-171 -115 0
-173 -115 0
-174 -115 0
-176 -115 0
-177 -115 0
-179 -115 0
-180 -115 0
-117 -116 0
-118 -116 0
-119 -116 0
-121 -116 0
-126 -116 0
-131 -116 0
-132 -116 0
-133 -116 0
-134 -116 0
-135 -116 0
-137 -116 0
-142 -116 0
-147 -116 0
-148 -116 0
-149 -116 0
-150 -116 0
-151 -116 0
-153 -116 0
-158 -116 0
-163 -116 0
-164 -116 0
-165 -116 0
-166 -116 0
-167 -116 0
-169 -116 0
-171 -116 0
-172 -116 0
-174 -116 0
-175 -116 0
-177 -116 0
-178 -116 0
-180 -116 0
-121 -117 0
-126 -117 0
-128 -117 0
-130 -117 0
-131 -117 0
-132 -117 0
-133 -117 0
-137 -117 0
-142 -117 0
-144 -117 0
-146 -117 0
-147 -117 0
-148 -117 0
-149 -117 0
-153 -117 0
-158 -117 0
-160 -117 0
-162 -117 0
-163 -117 0
-164 -117 0
-165 -117 0
-169 -117 0
-170 -117 0
-171 -117 0
-172 -117 0
-173 -117 0
-174 -117 0
-175 -117 0
-176 -117 0
-177 -117 0
-178 -117 0
-179 -117 0
-180 -117 0
-119 -118 0
-120 -118 0
-128 -118 0
-129 -118 0
-131 -118 0
-132 -118 0
-134 -118 0
-135 -118 0
-136 -118 0
-144 -118 0
-145 -118 0
-147 -118 0
-148 -118 0
-150 -118 0
-151 -118 0
-152 -118 0
-160 -118 0
-161 -118 0
-163 -118 0
-164 -118 0
-166 -118 0
-167 -118 0
-168 -118 0
-173 -118 0
-174 -118 0
-176 -118 0
-177 -118 0
-179 -118 0
-180 -118 0
-120 -119 0
-121 -119 0
-124 -119 0
-131 -119 0
-132 -119 0
-134 -119 0
-135 -119 0
-136 -119 0
-137 -119 0
-140 -119 0
-147 -119 0
-148 -119 0
-150 -119 0
-151 -119 0
-152 -119 0
-153 -119 0
-156 -119 0
-163 -119 0
-164 -119 0
-166 -119 0
-167 -119 0
-168 -119 0
-172 -119 0
-174 -119 0
-175 -119 0
-177 -119 0
-178 -119 0
-180 -119 0
-121 -120 0
-124 -120 0
-128 -120 0
-129 -120 0
-134 -120 0
-135 -120 0
-136 -120 0
-137 -120 0
-140 -120 0
-144 -120 0
-145 -120 0
-150 -120 0
-151 -120 0
-152 -120 0
-153 -120 0
-156 -120 0
-160 -120 0
-161 -120 0
-166 -120 0
-167 -120 0
-168 -120 0
-172 -120 0
-173 -120 0
-175 -120 0
-176 -120 0
-178 -120 0
-179 -120 0
-124 -121 0
-126 -121 0
-132 -121 0
-133 -121 0
-135 -121 0
-136 -121 0
-137 -121 0
-140 -121 0
-142 -121 0
-148 -121 0
-149 -121 0
-151 -121 0
-152 -121 0
-153 -121 0
-156 -121 0
-158 -121 0
-164 -121 0
-165 -121 0
-167 -121 0
-168 -121 0
-169 -121 0
-171 -121 0
-172 -121 0
-174 -121 0
-175 -121 0
-177 -121 0
-178 -121 0
-180 -121 0
-126 -124 0
-129 -124 0
-130 -124 0
-135 -124 0
-136 -124 0
-137 -124 0
-140 -124 0
-142 -124 0
-145 -124 0
-146 -124 0
-151 -124 0
-152 -124 0
-153 -124 0
-156 -124 0
-158 -124 0
-161 -124 0
-162 -124 0
-167 -124 0
-168 -124 0
-169 -124 0
-170 -124 0
-172 -124 0
-173 -124 0
-175 -124 0
-176 -124 0
-178 -124 0
-179 -124 0
-129 -126 0
-130 -126 0
-132 -126 0
-133 -126 0
-137 -126 0
-140 -126 0
-142 -126 0
-145 -126 0
-146 -126 0
-148 -126 0
-149 -126 0
-153 -126 0
-156 -126 0
-158 -126 0
-161 -126 0
-162 -126 0
-164 -126 0
-165 -126 0
-169 -126 0
-170 -126 0
-171 -126 0
-172 -126 0
-173 -126 0
-174 -126 0
-175 -126 0
-176 -126 0
-177 -126 0
-178 -126 0
-179 -126 0
-180 -126 0
-129 -128 0
-130 -128 0
-131 -128 0
-133 -128 0
-134 -128 0
-136 -128 0
-144 -128 0
-145 -128 0
-146 -128 0
-147 -128 0
-149 -128 0
-150 -128 0
-152 -128 0
-160 -128 0
-161 -128 0
-162 -128 0
-163 -128 0
-165 -128 0
-166 -128 0
-168 -128 0
-170 -128 0
-171 -128 0
-173 -128 0
-174 -128 0
-176 -128 0
-177 -128 0
-179 -128 0
-180 -128 0
-130 -129 0
-134 -129 0
-136 -129 0
-140 -129 0
-142 -129 0
-144 -129 0
-145 -129 0
-146 -129 0
-150 -129 0
-152 -129 0
-156 -129 0
-158 -129 0
-160 -129 0
-161 -129 0
-162 -129 0
-166 -129 0
-168 -129 0
-169 -129 0
-170 -129 0
-172 -129 0
-173 -129 0
-175 -129 0
-176 -129 0
-178 -129 0
-179 -129 0
-131 -130 0
-133 -130 0
-140 -130 0
-142 -130 0
-144 -130 0
-145 -130 0
-146 -130 0
-147 -130 0
-149 -130 0
-156 -130 0
-158 -130 0
-160 -130 0
-161 -130 0
-162 -130 0
-163 -130 0
-165 -130 0
-169 -130 0
-170 -130 0
-171 -130 0
-172 -130 0
-173 -130 0
-174 -130 0
-175 -130 0
-176 -130 0
-177 -130 0
-178 -130 0
-179 -130 0
-180 -130 0
-132 -131 0
-133 -131 0
-134 -131 0
-135 -131 0
-144 -131 0
-146 -131 0
-147 -131 0
-148 -131 0
-149 -131 0
-150 -131 0
-151 -131 0
-160 -131 0
-162 -131 0
-163 -131 0
-164 -131 0
-165 -131 0
-166 -131 0
-167 -131 0
-170 -131 0
-171 -131 0
-173 -131 0
-174 -131 0
-176 -131 0
-177 -131 0
-179 -131 0
-180 -131 0
-133 -132 0
-134 -132 0
-135 -132 0
-137 -132 0
-142 -132 0
-147 -132 0
-148 -132 0
-149 -132 0
-150 -132 0
-151 -132 0
-153 -132 0
-158 -132 0
-163 -132 0
-164 -132 0
-165 -132 0
-166 -132 0
-167 -132 0
-169 -132 0
-171 -132 0
-172 -132 0
-174 -132 0
-175 -132 0
-177 -132 0
-178 -132 0
-180 -132 0
-137 -133 0
-142 -133 0
-144 -133 0
-146 -133 0
-147 -133 0
-148 -133 0
-149 -133 0
-153 -133 0
-158 -133 0
-160 -133 0
-162 -133 0
-163 -133 0
-164 -133 0
-165 -133 0
-169 -133 0
-170 -133 0
-171 -133 0
-172 -133 0
-173 -133 0
-174 -133 0
-175 -133 0
-176 -133 0
-177 -133 0
-178 -133 0
-179 -133 0
-180 -133 0
-135 -134 0
-136 -134 0
-144 -134 0
-145 -134 0
-147 -134 0
-148 -134 0
-150 -134 0
-151 -134 0
-152 -134 0
-160 -134 0
-161 -134 0
-163 -134 0
-164 -134 0
-166 -134 0
-167 -134 0
-168 -134 0
-170 -134 0
-171 -134 0
-176 -134 0
-177 -134 0
-179 -134 0
-180 -134 0
-136 -135 0
-137 -135 0
-140 -135 0
-147 -135 0
-148 -135 0
-150 -135 0
-151 -135 0
-152 -135 0
-153 -135 0
-156 -135 0
-163 -135 0
-164 -135 0
-166 -135 0
-167 -135 0
-168 -135 0
-169 -135 0
-171 -135 0
-175 -135 0
-177 -135 0
-178 -135 0
-180 -135 0
-137 -136 0
-140 -136 0
-144 -136 0
-145 -136 0
-150 -136 0
-151 -136 0
-152 -136 0
-153 -136 0
-156 -136 0
-160 -136 0
-161 -136 0
-166 -136 0
-167 -136 0
-168 -136 0
-169 -136 0
-170 -136 0
-175 -136 0
-176 -136 0
-178 -136 0
-179 -136 0
-140 -137 0
-142 -137 0
-148 -137 0
-149 -137 0
-151 -137 0
-152 -137 0
-153 -137 0
-156 -137 0
-158 -137 0
-164 -137 0
-165 -137 0
-167 -137 0
-168 -137 0
-169 -137 0
-171 -137 0
-172 -137 0
-174 -137 0
-175 -137 0
-177 -137 0
-178 -137 0
-180 -137 0
-142 -140 0
-145 -140 0
-146 -140 0
-151 -140 0
-152 -140 0
-153 -140 0
-156 -140 0
-158 -140 0
-161 -140 0
-162 -140 0
-167 -140 0
-168 -140 0
-169 -140 0
-170 -140 0
-172 -140 0
-173 -140 0
-175 -140 0
-176 -140 0
-178 -140 0
-179 -140 0
-145 -142 0
-146 -142 0
-148 -142 0
-149 -142 0
-153 -142 0
-156 -142 0
-158 -142 0
-161 -142 0
-162 -142 0
-164 -142 0
-165 -142 0
-169 -142 0
-170 -142 0
-171 -142 0
-172 -142 0
-173 -142 0
-174 -142 0
-175 -142 0
-176 -142 0
-177 -142 0
-178 -142 0
-179 -142 0
-180 -142 0
-145 -144 0
-146 -144 0
-147 -144 0
-149 -144 0
-150 -144 0
-152 -144 0
-160 -144 0
-161 -144 0
-162 -144 0
-163 -144 0
-165 -144 0
-166 -144 0
-168 -144 0
-170 -144 0
-171 -144 0
-173 -144 0
-174 -144 0
-176 -144 0
-177 -144 0
-179 -144 0
-180 -144 0
-146 -145 0
-150 -145 0
-152 -145 0
-156 -145 0
-158 -145 0
-160 -145 0
-161 -145 0
-162 -145 0
-166 -145 0
-168 -145 0
-169 -145 0
-170 -145 0
-172 -145 0
-173 -145 0
-175 -145 0
-176 -145 0
-178 -145 0
-179 -145 0
-147 -146 0
-149 -146 0
-156 -146 0
-158 -146 0
-160 -146 0
-161 -146 0
-162 -146 0
-163 -146 0
-165 -146 0
-169 -146 0
-170 -146 0
-171 -146 0
-172 -146 0
-173 -146 0
-174 -146 0
-175 -146 0
-176 -146 0
-177 -146 0
-178 -146 0
-179 -146 0
-180 -146 0
-148 -147 0
-149 -147 0
-150 -147 0
-151 -147 0
-160 -147 0
-162 -147 0
-163 -147 0
-164 -147 0
-165 -147 0
-166 -147 0
-167 -147 0
-170 -147 0
-171 -147 0
-173 -147 0
-174 -147 0
-176 -147 0
-177 -147 0
-179 -147 0
-180 -147 0
-149 -148 0
-150 -148 0
-151 -148 0
-153 -148 0
-158 -148 0
-163 -148 0
-164 -148 0
-165 -148 0
-166 -148 0
-167 -148 0
-169 -148 0
-171 -148 0
-172 -148 0
-174 -148 0
-175 -148 0
-177 -148 0
-178 -148 0
-180 -148 0
-153 -149 0
-158 -149 0
-160 -149 0
-162 -149 0
-163 -149 0
-164 -149 0
-165 -149 0
-169 -149 0
-170 -149 0
-171 -149 0
-172 -149 0
-173 -149 0
-174 -149 0
-175 -149 0
-176 -149 0
-177 -149 0
-178 -149 0
-179 -149 0
-180 -149 0
-151 -150 0
-152 -150 0
-160 -150 0
-161 -150 0
-163 -150 0
-164 -150 0
-166 -150 0
-167 -150 0
-168 -150 0
-170 -150 0
-171 -150 0
-173 -150 0
-174 -150 0
-179 -150 0
-180 -150 0
-152 -151 0
-153 -151 0
-156 -151 0
-163 -151 0
-164 -151 0
-166 -151 0
-167 -151 0
-168 -151 0
-169 -151 0
-171 -151 0
-172 -151 0
-174 -151 0
-178 -151 0
-180 -151 0
-153 -152 0
-156 -152 0
-160 -152 0
-161 -152 0
-166 -152 0
-167 -152 0
-168 -152 0
-169 -152 0
-170 -152 0
-172 -152 0
-173 -152 0
-178 -152 0
-179 -152 0
-156 -153 0
-158 -153 0
-164 -153 0
-165 -153 0
-167 -153 0
-168 -153 0
-169 -153 0
-171 -153 0
-172 -153 0
-174 -153 0
-175 -153 0
-177 -153 0
-178 -153 0
-180 -153 0
-158 -156 0
-161 -156 0
-162 -156 0
-167 -156 0
-168 -156 0
-169 -156 0
-170 -156 0
-172 -156 0
-173 -156 0
-175 -156 0
-176 -156 0
-178 -156 0
-179 -156 0
-161 -158 0
-162 -158 0
-164 -158 0
-165 -158 0
-169 -158 0
-170 -158 0
-171 -158 0
-172 -158 0
-173 -158 0
-174 -158 0
-175 -158 0
-176 -158 0
-177 -158 0
-178 -158 0
-179 -158 0
-180 -158 0
-161 -160 0
-162 -160 0
-163 -160 0
-165 -160 0
-166 -160 0
-168 -160 0
-170 -160 0
-171 -160 0
-173 -160 0
-174 -160 0
-176 -160 0
-177 -160 0
-179 -160 0
-180 -160 0
-162 -161 0
-166 -161 0
-168 -161 0
-169 -161 0
-170 -161 0
-172 -161 0
-173 -161 0
-175 -161 0
-176 -161 0
-178 -161 0
-179 -161 0
-163 -162 0
-165 -162 0
-169 -162 0
-170 -162 0
-171 -162 0
-172 -162 0
-173 -162 0
-174 -162 0
-175 -162 0
-176 -162 0
-177 -162 0
-178 -162 0
-179 -162 0
-180 -162 0
-164 -163 0
-165 -163 0
-166 -163 0
-167 -163 0
-170 -163 0
-171 -163 0
-173 -163 0
-174 -163 0
-176 -163 0
-177 -163 0
-179 -163 0
-180 -163 0
-165 -164 0
-166 -164 0
-167 -164 0
-169 -164 0
-171 -164 0
-172 -164 0
-174 -164 0
-175 -164 0
-177 -164 0
-178 -164 0
-180 -164 0
-169 -165 0
-170 -165 0
-171 -165 0
-172 -165 0
-173 -165 0
-174 -165 0
-175 -165 0
-176 -165 0
-177 -165 0
-178 -165 0
-179 -165 0
-180 -165 0
-167 -166 0
-168 -166 0
-170 -166 0
-171 -166 0
-173 -166 0
-174 -166 0
-176 -166 0
-177 -166 0
-168 -167 0
-169 -167 0
-171 -167 0
-172 -167 0
-174 -167 0
-175 -167 0
-177 -167 0
-169 -168 0
-170 -168 0
-172 -168 0
-173 -168 0
-175 -168 0
-176 -168 0
-170 -169 0
-171 -169 0
-172 -169 0
-173 -169 0
-174 -169 0
-175 -169 0
-176 -169 0
-177 -169 0
-178 -169 0
-179 -169 0
-180 -169 0
-171 -170 0
-172 -170 0
-173 -170 0
-174 -170 0
-175 -170 0
-176 -170 0
-177 -170 0
-178 -170 0
-179 -170 0
-180 -170 0
-172 -171 0
-173 -171 0
-174 -171 0
-175 -171 0
-176 -171 0
-177 -171 0
-178 -171 0
-179 -171 0
-180 -171 0
-173 -172 0
-174 -172 0
-175 -172 0
-176 -172 0
-177 -172 0
-178 -172 0
-179 -172 0
-180 -172 0
-174 -173 0
-175 -173 0
-176 -173 0
-177 -173 0
-178 -173 0
-179 -173 0
-180 -173 0
-175 -174 0
-176 -174 0
-177 -174 0
-178 -174 0
-179 -174 0
-180 -174 0
-176 -175 0
-177 -175 0
-178 -175 0
-179 -175 0
-180 -175 0
-177 -176 0
-178 -176 0
-179 -176 0
-180 -176 0
-178 -177 0
-179 -177 0
-180 -177 0
-179 -178 0
-180 -178 0
-180 -179 0
139 0
122 0
110 0
108 0
